# eV	sigma	Fitting	Drude0	Lorentz1	Lorentz2	Lorentz3	Lorentz4
6.07110	2940.22419	2931.45479	36.77595	11.32778	109.54191	381.54943	2392.25971
6.05900	2940.38042	2932.75919	36.92006	11.37930	110.23443	384.35235	2389.87305
6.04689	2940.33885	2933.80682	37.06502	11.43118	110.93392	387.18417	2387.19255
6.03479	2940.09388	2934.59828	37.21082	11.48342	111.64048	390.04521	2384.21835
6.02268	2939.64008	2935.13439	37.35748	11.53604	112.35421	392.93580	2380.95086
6.01058	2938.98668	2935.41616	37.50501	11.58903	113.07521	395.85626	2377.39065
5.99847	2938.13883	2935.44485	37.65340	11.64240	113.80359	398.80694	2373.53852
5.98637	2937.09247	2935.22190	37.80267	11.69615	114.53944	401.78815	2369.39549
5.97426	2935.84523	2934.74899	37.95282	11.75028	115.28287	404.80023	2364.96278
5.96216	2934.41910	2934.02800	38.10387	11.80481	116.03398	407.84352	2360.24182
5.95005	2932.81406	2933.06102	38.25581	11.85973	116.79289	410.91835	2355.23425
5.93795	2931.01970	2931.85035	38.40865	11.91504	117.55970	414.02507	2349.94190
5.92584	2929.03152	2930.39851	38.56240	11.97075	118.33453	417.16400	2344.36682
5.91374	2926.87251	2928.70820	38.71708	12.02687	119.11749	420.33550	2338.51127
5.90163	2924.53845	2926.78235	38.87268	12.08340	119.90870	423.53990	2332.37768
5.88953	2922.02006	2924.62405	39.02921	12.14034	120.70827	426.77754	2325.96869
5.87742	2919.32269	2922.23662	39.18668	12.19770	121.51634	430.04878	2319.28713
5.86532	2916.46653	2919.62354	39.34510	12.25547	122.33301	433.35394	2312.33601
5.85321	2913.44303	2916.78850	39.50448	12.31368	123.15842	436.69339	2305.11854
5.84111	2910.24335	2913.73535	39.66482	12.37231	123.99269	440.06746	2297.63809
5.82900	2906.88516	2910.46814	39.82613	12.43138	124.83595	443.47649	2289.89820
5.81690	2903.37518	2906.99105	39.98841	12.49088	125.68833	446.92084	2281.90259
5.80480	2899.70520	2903.30847	40.15169	12.55083	126.54998	450.40084	2273.65514
5.79269	2895.87271	2899.42491	40.31596	12.61122	127.42102	453.91683	2265.15989
5.78059	2891.89654	2895.34506	40.48123	12.67207	128.30159	457.46917	2256.42101
5.76848	2887.77035	2891.07374	40.64751	12.73337	129.19184	461.05818	2247.44284
5.75638	2883.48407	2886.61591	40.81481	12.79513	130.09191	464.68422	2238.22984
5.74427	2879.04767	2881.97668	40.98314	12.85736	131.00196	468.34761	2228.78662
5.73217	2874.47258	2877.16126	41.15251	12.92006	131.92212	472.04868	2219.11789
5.72006	2869.75112	2872.17499	41.32291	12.98323	132.85255	475.78779	2209.22850
5.70796	2864.88097	2867.02332	41.49437	13.04689	133.79341	479.56524	2199.12341
5.69585	2859.88467	2861.71182	41.66689	13.11103	134.74486	483.38138	2188.80767
5.68375	2854.75709	2856.24614	41.84049	13.17566	135.70705	487.23651	2178.28643
5.67164	2849.48804	2850.63202	42.01516	13.24078	136.68016	491.13096	2167.56495
5.65954	2844.09180	2844.87528	42.19091	13.30641	137.66436	495.06505	2156.64855
5.64743	2838.57630	2838.98182	42.36777	13.37254	138.65980	499.03907	2145.54264
5.63533	2832.92965	2832.95760	42.54572	13.43919	139.66667	503.05334	2134.25268
5.62322	2827.15036	2826.80866	42.72480	13.50635	140.68515	507.10815	2122.78421
5.61112	2821.26304	2820.54106	42.90499	13.57403	141.71541	511.20379	2111.14283
5.59901	2815.26449	2814.16092	43.08632	13.64224	142.75764	515.34055	2099.33416
5.58691	2809.15134	2807.67439	43.26880	13.71099	143.81204	519.51870	2087.36387
5.57480	2802.94503	2801.08767	43.45242	13.78027	144.87879	523.73850	2075.23768
5.56270	2796.63546	2794.40694	43.63721	13.85010	145.95808	528.00023	2062.96132
5.55060	2790.20118	2787.63843	43.82317	13.92048	147.05012	532.30412	2050.54054
5.53849	2783.65468	2780.78835	44.01031	13.99142	148.15512	536.65041	2037.98110
5.52639	2777.01918	2773.86293	44.19864	14.06292	149.27327	541.03933	2025.28878
5.51428	2770.29225	2766.86839	44.38817	14.13499	150.40479	545.47111	2012.46933
5.50218	2763.48480	2759.81091	44.57891	14.20763	151.54990	549.94594	1999.52852
5.49007	2756.61633	2752.69667	44.77088	14.28086	152.70882	554.46400	1986.47210
5.47797	2749.66946	2745.53181	44.96408	14.35467	153.88177	559.02549	1973.30580
5.46586	2742.63369	2738.32246	45.15852	14.42908	155.06899	563.63056	1960.03532
5.45376	2735.53199	2731.07467	45.35421	14.50408	156.27070	568.27935	1946.66633
5.44165	2728.35586	2723.79446	45.55117	14.57970	157.48714	572.97199	1933.20446
5.42955	2721.09733	2716.48780	45.74940	14.65593	158.71857	577.70859	1919.65531
5.41744	2713.79397	2709.16059	45.94892	14.73278	159.96522	582.48925	1906.02443
5.40534	2706.43955	2701.81868	46.14973	14.81026	161.22735	587.31403	1892.31731
5.39323	2699.01715	2694.46783	46.35186	14.88837	162.50522	592.18299	1878.53940
5.38113	2691.56371	2687.11373	46.55530	14.96713	163.79909	597.09614	1864.69606
5.36902	2684.08954	2679.76198	46.76007	15.04653	165.10924	602.05351	1850.79263
5.35692	2676.58664	2672.41811	46.96618	15.12660	166.43593	607.05506	1836.83434
5.34481	2669.06993	2665.08755	47.17365	15.20732	167.77946	612.10074	1822.82637
5.33271	2661.54267	2657.77563	47.38249	15.28872	169.14010	617.19050	1808.77382
5.32060	2653.99695	2650.48757	47.59270	15.37080	170.51816	622.32421	1794.68170
5.30850	2646.42937	2643.22850	47.80430	15.45356	171.91392	627.50176	1780.55497
5.29640	2638.85388	2636.00344	48.01730	15.53702	173.32769	632.72297	1766.39846
5.28429	2631.28799	2628.81729	48.23171	15.62119	174.75979	637.98765	1752.21695
5.27219	2623.73915	2621.67483	48.44756	15.70606	176.21053	643.29556	1738.01511
5.26008	2616.20773	2614.58072	48.66484	15.79166	177.68025	648.64645	1723.79754
5.24798	2608.69837	2607.53950	48.88357	15.87798	179.16926	654.03999	1709.56871
5.23587	2601.25983	2600.55558	49.10376	15.96503	180.67791	659.47585	1695.33302
5.22377	2593.85541	2593.63325	49.32544	16.05284	182.20656	664.95364	1681.09477
5.21166	2586.41084	2586.77663	49.54860	16.14139	183.75554	670.47293	1666.85817
5.19956	2578.88382	2579.98975	49.77327	16.23071	185.32522	676.03325	1652.62730
5.18745	2571.33670	2573.27648	49.99946	16.32080	186.91598	681.63406	1638.40618
5.17535	2563.85586	2566.64053	50.22717	16.41167	188.52818	687.27481	1624.19869
5.16324	2556.53788	2560.08550	50.45643	16.50333	190.16222	692.95488	1610.00864
5.15114	2549.35358	2553.61482	50.68725	16.59579	191.81849	698.67358	1595.83970
5.13903	2542.29692	2547.23177	50.91964	16.68906	193.49739	704.43020	1581.69549
5.12693	2535.50634	2540.93950	51.15362	16.78315	195.19933	710.22394	1567.57947
5.11482	2528.96420	2534.74100	51.38920	16.87806	196.92474	716.05397	1553.49503
5.10272	2522.64154	2528.63908	51.62639	16.97382	198.67404	721.91937	1539.44546
5.09061	2516.53974	2522.63643	51.86521	17.07042	200.44767	727.81919	1525.43394
5.07851	2510.65977	2516.73556	52.10568	17.16788	202.24609	733.75239	1511.46352
5.06640	2504.95237	2510.93884	52.34781	17.26621	204.06974	739.71788	1497.53720
5.05430	2499.38628	2505.24846	52.59161	17.36542	205.91911	745.71447	1483.65785
5.04220	2493.97406	2499.66646	52.83710	17.46552	207.79467	751.74094	1469.82822
5.03009	2488.67129	2494.19470	53.08430	17.56652	209.69691	757.79596	1456.05101
5.01799	2483.54668	2488.83492	53.33322	17.66844	211.62634	763.87815	1442.32878
5.00588	2478.65769	2483.58864	53.58388	17.77128	213.58346	769.98603	1428.66400
4.99378	2473.87413	2478.45726	53.83629	17.87505	215.56880	776.11806	1415.05906
4.98167	2469.17473	2473.44199	54.09047	17.97977	217.58290	782.27260	1401.51625
4.96957	2464.53406	2468.54387	54.34643	18.08545	219.62631	788.44793	1388.03774
4.95746	2459.92191	2463.76380	54.60420	18.19211	221.69959	794.64225	1374.62565
4.94536	2455.33630	2459.10248	54.86379	18.29974	223.80331	800.85367	1361.28198
4.93325	2450.82470	2454.56047	55.12521	18.40837	225.93807	807.08018	1348.00864
4.92115	2446.40007	2450.13814	55.38848	18.51801	228.10445	813.31973	1334.80747
4.90904	2442.12977	2445.83571	55.65363	18.62867	230.30308	819.57012	1321.68020
4.89694	2438.19227	2441.65321	55.92067	18.74037	232.53459	825.82909	1308.62850
4.88483	2434.59641	2437.59053	56.18961	18.85311	234.79962	832.09427	1295.65393
4.87273	2431.19100	2433.64738	56.46047	18.96691	237.09882	838.36318	1282.75800
4.86062	2427.88378	2429.82330	56.73328	19.08179	239.43288	844.63325	1269.94210
4.84852	2424.64870	2426.11766	57.00805	19.19775	241.80248	850.90180	1257.20758
4.83641	2421.45257	2422.52969	57.28480	19.31482	244.20832	857.16605	1244.55570
4.82431	2418.31296	2419.05842	57.56354	19.43301	246.65113	863.42310	1231.98763
4.81220	2415.26738	2415.70275	57.84431	19.55232	249.13165	869.66998	1219.50449
4.80010	2412.39126	2412.46139	58.12711	19.67279	251.65063	875.90356	1207.10731
4.78800	2409.76276	2409.33292	58.41196	19.79441	254.20885	882.12064	1194.79706
4.77589	2407.28199	2406.31574	58.69889	19.91721	256.80709	888.31790	1182.57464
4.76379	2404.68505	2403.40810	58.98792	20.04121	259.44618	894.49190	1170.44089
4.75168	2402.00924	2400.60811	59.27906	20.16641	262.12693	900.63912	1158.39658
4.73958	2399.32801	2397.91370	59.57234	20.29284	264.85020	906.75590	1146.44242
4.72747	2396.62471	2395.32268	59.86778	20.42051	267.61686	912.83848	1134.57905
4.71537	2393.91173	2392.83270	60.16540	20.54943	270.42780	918.88302	1122.80706
4.70326	2391.31465	2390.44127	60.46521	20.67963	273.28391	924.88553	1111.12699
4.69116	2389.08258	2388.14578	60.76724	20.81112	276.18615	930.84196	1099.53931
4.67905	2386.96450	2385.94347	61.07152	20.94392	279.13546	936.74813	1088.04444
4.66695	2384.82491	2383.83145	61.37806	21.07805	282.13282	942.59976	1076.64276
4.65484	2382.80435	2381.80671	61.68689	21.21352	285.17923	948.39249	1065.33458
4.64274	2380.98999	2379.86613	61.99803	21.35036	288.27570	954.12186	1054.12018
4.63063	2379.31098	2378.00647	62.31150	21.48858	291.42330	959.78331	1042.99979
4.61853	2377.72032	2376.22437	62.62733	21.62820	294.62308	965.37220	1031.97357
4.60642	2376.16668	2374.51640	62.94553	21.76924	297.87615	970.88380	1021.04167
4.59432	2374.56155	2372.87900	63.26613	21.91172	301.18363	976.31333	1010.20418
4.58221	2372.92298	2371.30856	63.58917	22.05566	304.54667	981.65591	999.46116
4.57011	2371.28500	2369.80137	63.91465	22.20109	307.96644	986.90659	988.81260
4.55800	2369.62458	2368.35365	64.24260	22.34802	311.44415	992.06038	978.25850
4.54590	2368.00811	2366.96157	64.57306	22.49647	314.98103	997.11222	967.79879
4.53380	2366.50417	2365.62123	64.90604	22.64646	318.57833	1002.05702	957.43337
4.52169	2365.01986	2364.32869	65.24157	22.79803	322.23736	1006.88963	947.16211
4.50959	2363.53017	2363.08000	65.57968	22.95118	325.95942	1011.60487	936.98485
4.49748	2362.03814	2361.87115	65.92039	23.10594	329.74586	1016.19755	926.90140
4.48538	2360.60695	2360.69816	66.26373	23.26235	333.59807	1020.66247	916.91154
4.47327	2359.52923	2359.55700	66.60972	23.42041	337.51746	1024.99439	907.01501
4.46117	2358.56770	2358.44368	66.95840	23.58015	341.50548	1029.18812	897.21154
4.44906	2357.61369	2357.35424	67.30978	23.74160	345.56359	1033.23844	887.50082
4.43696	2356.82863	2356.28472	67.66391	23.90479	349.69331	1037.14020	877.88252
4.42485	2356.12997	2355.23124	68.02080	24.06973	353.89618	1040.88824	868.35630
4.41275	2355.43127	2354.18996	68.38048	24.23646	358.17378	1044.47748	858.92177
4.40064	2354.73160	2353.15712	68.74299	24.40499	362.52772	1047.90288	849.57854
4.38854	2354.03067	2352.12904	69.10834	24.57537	366.95965	1051.15948	840.32619
4.37643	2353.17820	2351.10214	69.47659	24.74761	371.47126	1054.24240	831.16429
4.36433	2352.10164	2350.07295	69.84774	24.92174	376.06425	1057.14684	822.09238
4.35222	2350.85464	2349.03812	70.22183	25.09779	380.74039	1059.86812	813.11000
4.34012	2349.48379	2347.99447	70.59890	25.27580	385.50146	1062.40167	804.21664
4.32801	2348.05287	2346.93893	70.97897	25.45578	390.34930	1064.74306	795.41181
4.31591	2346.50889	2345.86862	71.36208	25.63777	395.28577	1066.88800	786.69500
4.30380	2344.81438	2344.78083	71.74825	25.82181	400.31278	1068.83234	778.06565
4.29170	2343.03793	2343.67305	72.13753	26.00791	405.43226	1070.57211	769.52324
4.27960	2341.21517	2342.54297	72.52993	26.19612	410.64619	1072.10353	761.06720
4.26749	2339.33829	2341.38851	72.92551	26.38646	415.95659	1073.42298	752.69697
4.25539	2337.30328	2340.20779	73.32428	26.57897	421.36551	1074.52708	744.41196
4.24328	2335.34171	2338.99921	73.72629	26.77369	426.87503	1075.41262	736.21158
4.23118	2333.52688	2337.76138	74.13156	26.97064	432.48728	1076.07666	728.09524
4.21907	2331.73364	2336.49322	74.54014	27.16986	438.20443	1076.51647	720.06232
4.20697	2329.94832	2335.19388	74.95206	27.37140	444.02866	1076.72955	712.11221
4.19486	2328.22641	2333.86282	75.36735	27.57527	449.96222	1076.71369	704.24429
4.18276	2326.68010	2332.49977	75.78605	27.78153	456.00735	1076.46691	696.45793
4.17065	2325.14118	2331.10478	76.20820	27.99021	462.16637	1075.98752	688.75249
4.15855	2323.64496	2329.67818	76.63383	28.20134	468.44159	1075.27409	681.12732
4.14644	2322.61171	2328.22063	77.06299	28.41497	474.83537	1074.32550	673.58179
4.13434	2321.69102	2326.73309	77.49571	28.63114	481.35010	1073.14089	666.11524
4.12223	2320.77198	2325.21684	77.93203	28.84989	487.98819	1071.71972	658.72701
4.11013	2319.85100	2323.67349	78.37199	29.07126	494.75206	1070.06172	651.41645
4.09802	2318.88899	2322.10494	78.81563	29.29530	501.64418	1068.16694	644.18289
4.08592	2317.84374	2320.51345	79.26299	29.52204	508.66700	1066.03574	637.02567
4.07381	2316.70685	2318.90156	79.71411	29.75153	515.82303	1063.66877	629.94412
4.06171	2315.51642	2317.27215	80.16904	29.98382	523.11474	1061.06697	622.93757
4.04960	2314.26325	2315.62840	80.62781	30.21895	530.54465	1058.23163	616.00536
4.03750	2313.30644	2313.97379	81.09047	30.45697	538.11525	1055.16429	609.14680
4.02540	2312.43147	2312.31211	81.55706	30.69794	545.82905	1051.86683	602.36124
4.01329	2311.54558	2310.64742	82.02762	30.94189	553.68853	1048.34139	595.64799
4.00119	2310.69393	2308.98406	82.50220	31.18888	561.69618	1044.59043	589.00638
3.98908	2309.99691	2307.32666	82.98085	31.43896	569.85443	1040.61667	582.43574
3.97698	2309.33474	2305.68006	83.46361	31.69218	578.16573	1036.42314	575.93540
3.96487	2308.68943	2304.04936	83.95053	31.94860	586.63245	1032.01310	569.50468
3.95277	2308.01124	2302.43988	84.44165	32.20827	595.25692	1027.39011	563.14293
3.94066	2306.88322	2300.85714	84.93702	32.47125	604.04145	1022.55796	556.84946
3.92856	2305.04326	2299.30682	85.43669	32.73760	612.98823	1017.52069	550.62362
3.91645	2303.05138	2297.79479	85.94071	33.00736	622.09941	1012.28258	544.46473
3.90435	2301.00594	2296.32704	86.44913	33.28061	631.37704	1006.84812	538.37214
3.89224	2298.67045	2294.90967	86.96200	33.55740	640.82305	1001.22203	532.34518
3.88014	2296.11897	2293.54887	87.47937	33.83780	650.43928	995.40922	526.38320
3.86803	2293.38105	2292.25087	88.00129	34.12187	660.22740	989.41477	520.48553
3.85593	2290.90325	2291.02195	88.52782	34.40967	670.18897	983.24395	514.65154
3.84382	2288.89136	2289.86838	89.05901	34.70127	680.32534	976.90219	508.88056
3.83172	2287.27591	2288.79637	89.59491	34.99675	690.63769	970.39507	503.17196
3.81961	2285.90501	2287.81209	90.13557	35.29616	701.12699	963.72828	497.52508
3.80751	2284.69957	2286.92158	90.68106	35.59958	711.79399	956.90765	491.93930
3.79540	2283.70519	2286.13074	91.23143	35.90708	722.63915	949.93911	486.41397
3.78330	2283.12171	2285.44528	91.78673	36.21874	733.66268	942.82868	480.94846
3.77120	2282.79580	2284.87070	92.34703	36.53463	744.86445	935.58244	475.54214
3.75909	2282.54723	2284.41222	92.91239	36.85484	756.24404	928.20656	470.19440
3.74699	2282.47702	2284.07473	93.48285	37.17943	767.80060	920.70724	464.90460
3.73488	2282.67304	2283.86278	94.05849	37.50849	779.53293	913.09073	459.67214
3.72278	2282.56446	2283.78053	94.63937	37.84211	791.43936	905.36328	454.49641
3.71067	2282.51581	2283.83165	95.22555	38.18036	803.51778	897.53117	449.37679
3.69857	2282.60055	2284.01932	95.81708	38.52334	815.76556	889.60066	444.31268
3.68646	2282.79885	2284.34618	96.41405	38.87114	828.17950	881.57800	439.30349
3.67436	2283.15628	2284.81425	97.01650	39.22384	840.75586	873.46943	434.34862
3.66225	2283.82721	2285.42488	97.62451	39.58154	853.49021	865.28113	429.44748
3.65015	2284.87549	2286.17872	98.23815	39.94434	866.37751	857.01922	424.59950
3.63804	2286.82485	2287.07564	98.85748	40.31232	879.41196	848.68980	419.80408
3.62594	2289.27133	2288.11469	99.48257	40.68560	892.58700	840.29886	415.06066
3.61383	2291.85332	2289.29404	100.11349	41.06427	905.89528	831.85233	410.36867
3.60173	2294.52402	2290.61091	100.75032	41.44845	919.32856	823.35605	405.72754
3.58962	2297.50715	2292.06154	101.39312	41.83822	932.87772	814.81577	401.13671
3.57752	2300.75231	2293.64111	102.04197	42.23372	946.53268	806.23712	396.59562
3.56541	2303.80555	2295.34371	102.69695	42.63504	960.28235	797.62564	392.10374
3.55331	2306.92325	2297.16227	103.35812	43.04230	974.11460	788.98673	387.66051
3.54120	2310.05541	2299.08851	104.02557	43.45563	988.01621	780.32570	383.26539
3.52910	2313.19044	2301.11290	104.69938	43.87513	1001.97282	771.64771	378.91785
3.51700	2316.31958	2303.22461	105.37962	44.30094	1015.96891	762.95778	374.61736
3.50489	2319.69508	2305.41150	106.06637	44.73319	1029.98772	754.26082	370.36340
3.49279	2323.21548	2307.66002	106.75972	45.17199	1044.01129	745.56158	366.15544
3.48068	2326.54172	2309.95524	107.45974	45.61749	1058.02036	736.86467	361.99297
3.46858	2329.72771	2312.28080	108.16653	46.06982	1071.99440	728.17456	357.87549
3.45647	2332.49549	2314.61892	108.88017	46.52912	1085.91158	719.49557	353.80248
3.44437	2334.43222	2316.95035	109.60074	46.99553	1099.74874	710.83188	349.77346
3.43226	2335.72951	2319.25441	110.32833	47.46921	1113.48146	702.18750	345.78791
3.42016	2336.77196	2321.50900	111.06303	47.95029	1127.08399	693.56631	341.84537
3.40805	2337.77000	2323.69060	111.80494	48.43894	1140.52935	684.97204	337.94533
3.39595	2338.32109	2325.77434	112.55414	48.93531	1153.78932	676.40824	334.08733
3.38384	2338.45026	2327.73403	113.31073	49.43956	1166.83451	667.87833	330.27089
3.37174	2338.38776	2329.54225	114.07481	49.95186	1179.63444	659.38560	326.49554
3.35963	2337.88305	2331.17040	114.84646	50.47238	1192.15757	650.93316	322.76082
3.34753	2336.97136	2332.58881	115.62579	51.00130	1204.37146	642.52399	319.06627
3.33542	2335.91135	2333.76688	116.41291	51.53879	1216.24284	634.16091	315.41143
3.32332	2334.31971	2334.67316	117.20790	52.08503	1227.73775	625.84662	311.79586
3.31121	2332.13206	2335.27556	118.01087	52.64022	1238.82170	617.58366	308.21910
3.29911	2329.88469	2335.54146	118.82193	53.20455	1249.45981	609.37443	304.68073
3.28700	2327.91266	2335.43792	119.64119	53.77821	1259.61699	601.22122	301.18031
3.27490	2326.53596	2334.93187	120.46874	54.36141	1269.25816	593.12615	297.71741
3.26280	2324.70623	2333.99033	121.30471	54.95436	1278.34844	585.09123	294.29160
3.25069	2322.42410	2332.58062	122.14920	55.55726	1286.85335	577.11835	290.90246
3.23859	2319.76633	2330.67061	123.00232	56.17035	1294.73910	569.20927	287.54958
3.22648	2316.55977	2328.22894	123.86419	56.79383	1301.97276	561.36561	284.23255
3.21438	2312.79254	2325.22533	124.73494	57.42795	1308.52258	553.58889	280.95096
3.20227	2308.06532	2321.63074	125.61466	58.07295	1314.35820	545.88053	277.70441
3.19017	2302.75325	2317.41774	126.50350	58.72905	1319.45088	538.24181	274.49250
3.17806	2297.35279	2312.56066	127.40157	59.39651	1323.77382	530.67391	271.31484
3.16596	2291.85892	2307.03591	128.30899	60.07560	1327.30236	523.17792	268.17105
3.15385	2286.09726	2300.82220	129.22589	60.76656	1330.01419	515.75483	265.06074
3.14175	2279.76209	2293.90074	130.15240	61.46967	1331.88964	508.40550	261.98353
3.12964	2273.06382	2286.25547	131.08865	62.18520	1332.91182	501.13075	258.93905
3.11754	2265.58954	2277.87326	132.03478	62.91345	1333.06685	493.93126	255.92692
3.10543	2257.31727	2268.74402	132.99092	63.65469	1332.34398	486.80765	252.94679
3.09333	2247.93091	2258.86093	133.95720	64.40922	1330.73576	479.76046	249.99829
3.08122	2237.60208	2248.22045	134.93377	65.17736	1328.23813	472.79013	247.08106
3.06912	2227.11543	2236.82245	135.92077	65.95941	1324.85047	465.89704	244.19475
3.05701	2216.39039	2224.67026	136.91835	66.75570	1320.57569	459.08150	241.33901
3.04491	2204.84387	2211.77063	137.92665	67.56656	1315.42018	452.34373	238.51351
3.03280	2192.50944	2198.13377	138.94582	68.39233	1309.39383	445.68392	235.71788
3.02070	2180.13970	2183.77325	139.97601	69.23335	1302.50993	439.10215	232.95181
3.00860	2166.86771	2168.70588	141.01738	70.08999	1294.78509	432.59847	230.21496
2.99649	2153.01134	2152.95167	142.07008	70.96260	1286.23913	426.17286	227.50700
2.98439	2137.87296	2136.53358	143.13428	71.85156	1276.89487	419.82527	224.82760
2.97228	2121.88573	2119.47742	144.21014	72.75726	1266.77800	413.55556	222.17645
2.96018	2105.41249	2101.81157	145.29782	73.68010	1255.91685	407.36357	219.55323
2.94807	2088.41794	2083.56679	146.39749	74.62047	1244.34213	401.24907	216.95763
2.93597	2071.29427	2064.77600	147.50933	75.57879	1232.08673	395.21182	214.38933
2.92386	2053.66645	2045.47395	148.63350	76.55549	1219.18542	389.25150	211.84803
2.91176	2035.75333	2025.69703	149.77019	77.55101	1205.67460	383.36779	209.33344
2.89965	2017.69164	2005.48291	150.91957	78.56578	1191.59202	377.56029	206.84524
2.88755	1999.12258	1984.87036	152.08183	79.60028	1176.97649	371.82860	204.38316
2.87544	1979.86037	1963.89888	153.25716	80.65495	1161.86759	366.17228	201.94689
2.86334	1960.22178	1942.60851	154.44573	81.73030	1146.30546	360.59085	199.53616
2.85123	1939.81190	1921.03950	155.64776	82.82680	1130.33045	355.08382	197.15067
2.83913	1918.84966	1899.23212	156.86343	83.94497	1113.98293	349.65064	194.79015
2.82702	1897.19844	1877.22639	158.09295	85.08531	1097.30303	344.29078	192.45432
2.81492	1875.10696	1855.06185	159.33652	86.24835	1080.33043	339.00365	190.14291
2.80281	1852.85735	1832.77739	160.59434	87.43463	1063.10411	333.78867	187.85565
2.79071	1830.10333	1810.41103	161.86662	88.64470	1045.66223	328.64521	185.59226
2.77860	1806.79871	1787.99979	163.15359	89.87912	1028.04192	323.57265	183.35250
2.76650	1783.58775	1765.57950	164.45546	91.13847	1010.27914	318.57033	181.13610
2.75440	1760.05977	1743.18472	165.77245	92.42333	992.40855	313.63761	178.94279
2.74229	1736.29768	1720.84861	167.10479	93.73429	974.46340	308.77379	176.77234
2.73019	1712.94806	1698.60283	168.45270	95.07198	956.47547	303.97820	174.62448
2.71808	1689.91034	1676.47750	169.81643	96.43700	938.47496	299.25013	172.49897
2.70598	1666.70792	1654.50113	171.19621	97.82999	920.49047	294.58888	170.39557
2.69387	1643.04097	1632.70059	172.59229	99.25159	902.54894	289.99374	168.31403
2.68177	1619.30241	1611.10110	174.00491	100.70246	884.67565	285.46397	166.25412
2.66966	1595.63874	1589.72621	175.43432	102.18325	866.89418	280.99885	164.21560
2.65756	1572.22106	1568.59780	176.88079	103.69464	849.22648	276.59765	162.19824
2.64545	1549.69271	1547.73614	178.34457	105.23731	831.69283	272.25962	160.20181
2.63335	1527.21058	1527.15986	179.82593	106.81194	814.31188	267.98402	158.22609
2.62124	1504.68872	1506.88604	181.32514	108.41924	797.10070	263.77012	156.27084
2.60914	1482.32211	1486.93022	182.84247	110.05991	780.07484	259.61715	154.33585
2.59703	1460.37711	1467.30646	184.37822	111.73464	763.24833	255.52438	152.42090
2.58493	1438.83348	1448.02742	185.93265	113.44417	746.63379	251.49105	150.52577
2.57282	1417.68035	1429.10437	187.50608	115.18919	730.24244	247.51641	148.65025
2.56072	1396.78229	1410.54728	189.09879	116.97043	714.08422	243.59972	146.79413
2.54861	1376.11541	1392.36491	190.71109	118.78859	698.16780	239.74022	144.95721
2.53651	1356.08567	1374.56481	192.34329	120.64439	682.50069	235.93717	143.13926
2.52440	1337.18091	1357.15344	193.99570	122.53854	667.08927	232.18983	141.34010
2.51230	1319.32931	1340.13623	195.66864	124.47173	651.93888	228.49746	139.55953
2.50019	1302.26180	1323.51762	197.36245	126.44465	637.05388	224.85931	137.79733
2.48809	1285.83271	1307.30111	199.07746	128.45798	622.43772	221.27465	136.05331
2.47598	1269.74729	1291.48940	200.81400	130.51238	608.09299	217.74274	134.32729
2.46388	1254.03981	1276.08433	202.57244	132.60848	594.02150	214.26286	132.61906
2.45177	1239.07658	1261.08705	204.35313	134.74690	580.22432	210.83428	130.92843
2.43967	1224.82048	1246.49800	206.15643	136.92823	566.70186	207.45627	129.25521
2.42756	1211.13627	1232.31698	207.98272	139.15302	553.45391	204.12812	127.59922
2.41545	1197.55723	1218.54321	209.83238	141.42179	540.47968	200.84910	125.96026
2.40335	1183.88494	1205.17535	211.70580	143.73502	527.77788	197.61850	124.33815
2.39124	1170.59325	1192.21158	213.60340	146.09314	515.34673	194.43562	122.73269
2.37913	1158.05194	1179.64958	215.52559	148.49651	503.18404	191.29973	121.14370
2.36702	1146.54802	1167.48662	217.47280	150.94545	491.28724	188.21014	119.57100
2.35491	1136.00415	1155.71957	219.44547	153.44020	479.65338	185.16613	118.01438
2.34280	1126.03237	1144.34491	221.44407	155.98093	468.27924	182.16700	116.47367
2.33069	1116.46541	1133.35877	223.46906	158.56773	457.16127	179.21204	114.94866
2.31857	1107.35547	1122.75697	225.52096	161.20060	446.29571	176.30055	113.43916
2.30646	1098.81366	1112.53500	227.60026	163.87942	435.67854	173.43180	111.94497
2.29434	1090.59662	1102.68807	229.70753	166.60399	425.30558	170.60509	110.46589
2.28221	1083.00445	1093.21111	231.84333	169.37398	415.17242	167.81969	109.00170
2.27009	1075.78199	1084.09877	234.00826	172.18891	405.27455	165.07487	107.55218
2.25796	1068.70768	1075.34546	236.20296	175.04821	395.60726	162.36990	106.11712
2.24582	1061.65879	1066.94530	238.42810	177.95111	386.16577	159.70403	104.69628
2.23368	1054.99632	1058.89219	240.68441	180.89671	376.94514	157.07651	103.28942
2.22153	1048.90066	1051.17978	242.97266	183.88393	367.94037	154.48655	101.89627
2.20937	1043.37989	1043.80147	245.29369	186.91149	359.14635	151.93336	100.51658
2.19720	1037.99906	1036.75040	247.64837	189.97793	350.55790	149.41615	99.15005
2.18502	1032.51667	1030.01948	250.03769	193.08156	342.16977	146.93406	97.79640
2.17282	1027.10064	1023.60136	252.46269	196.22047	333.97665	144.48627	96.45529
2.16061	1022.04459	1017.48843	254.92451	199.39249	325.97316	142.07187	95.12639
2.14838	1017.43524	1011.67283	257.42441	202.59519	318.15391	139.68997	93.80935
2.13613	1012.93400	1006.14641	259.96373	205.82585	310.51342	137.33963	92.50379
2.12385	1008.55973	1000.90077	262.54397	209.08143	303.04620	135.01988	91.20929
2.11155	1004.55584	995.92719	265.16676	212.35855	295.74674	132.72972	89.92542
2.09921	1000.94962	991.21669	267.83388	215.65345	288.60950	130.46812	88.65174
2.08684	997.21301	986.75994	270.54728	218.96198	281.62892	128.23401	87.38775
2.07442	993.08204	982.54731	273.30912	222.27950	274.79945	126.02629	86.13295
2.06195	988.93018	978.56879	276.12174	225.60089	268.11554	123.84383	84.88678
2.04944	984.99139	974.81400	278.98772	228.92046	261.57168	121.68545	83.64869
2.03686	981.37894	971.27218	281.90985	232.23191	255.16236	119.54998	82.41808
2.02421	977.91254	967.93210	284.89120	235.52821	248.88217	117.43619	81.19433
2.01149	974.45106	964.78206	287.93511	238.80157	242.72575	115.34284	79.97679
1.99869	970.82754	961.80981	291.04519	242.04331	236.68781	113.26868	78.76481
1.98580	967.19600	959.00255	294.22538	245.24376	230.76323	111.21246	77.55771
1.97280	963.86880	956.34680	297.47990	248.39216	224.94700	109.17293	76.35480
1.95970	960.55529	953.82839	300.81333	251.47652	219.23430	107.14885	75.15540
1.94647	957.07056	951.43235	304.23053	254.48351	213.62050	105.13900	73.95880
1.93312	953.96334	949.14285	307.73675	257.39830	208.10122	103.14222	72.76435
1.91962	950.88125	946.94315	311.33754	260.20447	202.67237	101.15739	71.57137
1.90598	947.48799	944.81550	315.03879	262.88387	197.33013	99.18345	70.37925
1.89217	944.72392	942.74112	318.84669	265.41652	192.07105	97.21946	69.18740
1.87819	942.34462	940.70019	322.76773	267.78055	186.89207	95.26455	67.99529
1.86403	939.52413	938.67183	326.80869	269.95217	181.79052	93.31801	66.80245
1.84968	936.39357	936.63417	330.97654	271.90571	176.76418	91.37924	65.60850
1.83512	932.78665	934.56453	335.27848	273.61375	171.81132	89.44782	64.41316
1.82036	929.33720	932.43954	339.72179	275.04729	166.93070	87.52353	63.21624
1.80538	925.49042	930.23554	344.31386	276.17611	162.12158	85.60632	62.01767
1.79018	921.33415	927.92894	349.06202	276.96922	157.38379	83.69636	60.81755
1.77476	918.27456	925.49676	353.97348	277.39546	152.71765	81.79408	59.61609
1.75910	916.61112	922.91731	359.05523	277.42425	148.12405	79.90012	58.41366
1.74322	914.38177	920.17097	364.31391	277.02647	143.60438	78.01538	57.21083
1.72712	909.75673	917.24107	369.75563	276.17554	139.16055	76.14102	56.00833
1.71080	904.59999	914.11482	375.38586	274.84853	134.79493	74.27846	54.80705
1.69427	902.27260	910.78434	381.20920	273.02734	130.51033	72.42937	53.60810
1.67753	901.57705	907.24753	387.22926	270.69990	126.30996	70.59566	52.41275
1.66062	898.60277	903.50898	393.44836	267.86129	122.19735	68.77950	51.22248
1.64353	893.61067	899.58055	399.86740	264.51467	118.17632	66.98325	50.03892
1.62631	889.17258	895.48177	406.48554	260.67197	114.25089	65.20948	48.86388
1.60896	886.91260	891.23985	413.30005	256.35431	110.42522	63.46095	47.69932
1.59153	884.76851	886.88936	420.30599	251.59194	106.70353	61.74054	46.54735
1.57404	881.59881	882.47140	427.49603	246.42390	103.09005	60.05124	45.41018
1.55654	876.04557	878.03247	434.86016	240.89713	99.58890	58.39614	44.29014
1.53906	873.26012	873.62289	442.38555	235.06531	96.20408	56.77835	43.18960
1.52164	870.12838	869.29501	450.05630	228.98736	92.93935	55.20099	42.11101
1.50434	867.33393	865.10120	457.85335	222.72571	89.79819	53.66713	41.05683
1.48721	866.01818	861.09183	465.75434	216.34447	86.78377	52.17977	40.02949
1.47030	864.42459	857.31331	473.73363	209.90763	83.89885	50.74180	39.03140
1.45365	859.08730	853.80630	481.76225	203.47740	81.14581	49.35596	38.06489
1.43734	855.28519	850.60431	489.80814	197.11264	78.52655	48.02478	37.13220
1.42140	853.15746	847.73254	497.83626	190.86771	76.04250	46.75062	36.23544
1.40591	852.06373	845.20728	505.80899	184.79152	73.69463	45.53556	35.37657
1.39092	850.72004	843.03562	513.68651	178.92691	71.48339	44.38143	34.55737
1.37647	850.84594	841.21563	521.42734	173.31035	69.40875	43.28977	33.77943
1.36262	848.21968	839.73695	528.98900	167.97185	67.47017	42.26182	33.04410
1.34943	841.21056	838.58157	536.32872	162.93518	65.66665	41.29849	32.35254
1.33693	840.24093	837.72505	543.40425	158.21813	63.99668	40.40038	31.70561
1.32516	840.49594	837.13775	550.17475	153.83299	62.45832	39.56774	31.10395
1.31416	841.46612	836.78627	556.60169	149.78705	61.04914	38.80048	30.54790
1.30395	843.37566	836.63490	562.64981	146.08310	59.76630	38.09817	30.03753
1.29456	842.95887	836.64708	568.28793	142.71999	58.60648	37.46003	29.57264
1.28601	840.66125	836.78665	573.48992	139.69314	57.56597	36.88491	29.15271
1.27829	838.77525	837.01915	578.23538	136.99490	56.64059	36.37133	28.77695
1.27140	837.81243	837.31281	582.51031	134.61504	55.82575	35.91745	28.44426
1.26534	837.80026	837.63934	586.30764	132.54096	55.11642	35.52106	28.15324
1.26008	837.89514	837.97459	589.62759	130.75804	54.50713	35.17962	27.90222
1.25559	837.63782	838.29889	592.47781	129.24975	53.99192	34.89021	27.68919
1.25184	837.07327	838.59718	594.87342	127.99787	53.56442	34.64958	27.51189
1.24878	836.46509	838.85897	596.83680	126.98255	53.21774	34.45413	27.36775
1.24636	836.08599	839.07805	598.39727	126.18240	52.94455	34.29989	27.25394
1.24451	835.98624	839.25213	599.59058	125.57457	52.73702	34.18261	27.16735
1.24317	836.13439	839.38224	600.45826	125.13480	52.58687	34.09769	27.10463
1.24226	836.36747	839.47219	601.04688	124.83751	52.48536	34.04025	27.06219
1.24171	836.56780	839.52794	601.40727	124.65591	52.42336	34.00515	27.03625
1.24142	836.68563	839.55696	601.59360	124.56214	52.39134	33.98702	27.02285
1.24132	836.73143	839.56774	601.66256	124.52746	52.37950	33.98031	27.01790
1.24130	836.73808	839.56928	601.67243	124.52250	52.37780	33.97935	27.01719
