# eV	sigma	Fitting	Drude0	Lorentz1	Lorentz2	Lorentz3	Lorentz4
6.07110	2944.91087	2957.12319	51.93312	6.38119	136.39237	349.94545	2412.47106
6.05900	2948.67502	2958.66060	52.13508	6.41030	137.27398	352.46105	2410.38019
6.04689	2951.87571	2959.81383	52.33822	6.43962	138.16465	355.00195	2407.86940
6.03479	2954.48666	2960.58335	52.54253	6.46914	139.06451	357.56841	2404.93875
6.02268	2956.48246	2960.97007	52.74804	6.49888	139.97370	360.16073	2401.58872
6.01058	2957.91283	2960.97533	52.95473	6.52883	140.89235	362.77916	2397.82025
5.99847	2958.80177	2960.60090	53.16264	6.55900	141.82059	365.42401	2393.63468
5.98637	2959.12466	2959.84901	53.37175	6.58938	142.75855	368.09553	2389.03379
5.97426	2958.86582	2958.72229	53.58210	6.61998	143.70639	370.79402	2384.01981
5.96216	2958.14162	2957.22380	53.79367	6.65080	144.66422	373.51975	2378.59536
5.95005	2956.95715	2955.35705	54.00649	6.68184	145.63221	376.27302	2372.76349
5.93795	2955.26308	2953.12594	54.22056	6.71311	146.61050	379.05410	2366.52767
5.92584	2953.04137	2950.53479	54.43590	6.74461	147.59923	381.86328	2359.89177
5.91374	2950.41877	2947.58831	54.65251	6.77633	148.59856	384.70084	2352.86007
5.90163	2947.37387	2944.29163	54.87040	6.80829	149.60864	387.56708	2345.43722
5.88953	2943.85794	2940.65025	55.08958	6.84048	150.62963	390.46228	2337.62827
5.87742	2939.89784	2936.67003	55.31006	6.87292	151.66169	393.38673	2329.43862
5.86532	2935.59767	2932.35720	55.53186	6.90558	152.70499	396.34072	2320.87405
5.85321	2930.91467	2927.71837	55.75498	6.93850	153.75968	399.32453	2311.94068
5.84111	2925.80445	2922.76043	55.97944	6.97165	154.82594	402.33845	2302.64494
5.82900	2920.35952	2917.49063	56.20524	7.00505	155.90394	405.38278	2292.99362
5.81690	2914.61400	2911.91653	56.43239	7.03870	156.99386	408.45780	2282.99377
5.80480	2908.52425	2906.04595	56.66091	7.07261	158.09587	411.56378	2272.65278
5.79269	2902.07771	2899.88703	56.89081	7.10676	159.21016	414.70104	2261.97827
5.78059	2895.38119	2893.44814	57.12209	7.14118	160.33691	417.86983	2250.97813
5.76848	2888.40917	2886.73790	57.35477	7.17585	161.47631	421.07046	2239.66052
5.75638	2881.11596	2879.76517	57.58886	7.21079	162.62855	424.30319	2228.03378
5.74427	2873.55574	2872.53900	57.82437	7.24599	163.79384	427.56832	2216.10649
5.73217	2865.78621	2865.06865	58.06132	7.28146	164.97236	430.86611	2203.88741
5.72006	2857.76808	2857.36355	58.29971	7.31719	166.16432	434.19684	2191.38548
5.70796	2849.48600	2849.43328	58.53955	7.35321	167.36994	437.56079	2178.60979
5.69585	2841.03963	2841.28757	58.78086	7.38950	168.58941	440.95823	2165.56957
5.68375	2832.41123	2832.93626	59.02365	7.42606	169.82297	444.38941	2152.27417
5.67164	2823.56085	2824.38931	59.26793	7.46291	171.07082	447.85461	2138.73303
5.65954	2814.54639	2815.65675	59.51372	7.50005	172.33319	451.35408	2124.95572
5.64743	2805.40479	2806.74869	59.76102	7.53747	173.61031	454.88808	2110.95182
5.63533	2796.09569	2797.67529	60.00984	7.57518	174.90241	458.45684	2096.73101
5.62322	2786.61512	2788.44675	60.26021	7.61319	176.20973	462.06063	2082.30299
5.61112	2777.04812	2779.07327	60.51213	7.65150	177.53251	465.69966	2067.67747
5.59901	2767.37893	2769.56508	60.76562	7.69010	178.87100	469.37419	2052.86417
5.58691	2757.59024	2759.93238	61.02068	7.72901	180.22545	473.08442	2037.87281
5.57480	2747.74889	2750.18534	61.27733	7.76823	181.59611	476.83058	2022.71308
5.56270	2737.83602	2740.33410	61.53559	7.80776	182.98325	480.61288	2007.39461
5.55060	2727.79861	2730.38873	61.79547	7.84760	184.38714	484.43152	1991.92701
5.53849	2717.67699	2720.35924	62.05698	7.88776	185.80804	488.28669	1976.31978
5.52639	2707.53608	2710.25556	62.32013	7.92824	187.24623	492.17857	1960.58239
5.51428	2697.36801	2700.08750	62.58494	7.96904	188.70200	496.10734	1944.72418
5.50218	2687.17636	2689.86478	62.85142	8.01017	190.17563	500.07316	1928.75439
5.49007	2676.98280	2679.59700	63.11959	8.05163	191.66743	504.07618	1912.68217
5.47797	2666.78685	2669.29363	63.38946	8.09343	193.17768	508.11654	1896.51652
5.46586	2656.58634	2658.96399	63.66104	8.13557	194.70670	512.19437	1880.26631
5.45376	2646.37938	2648.61726	63.93435	8.17805	196.25480	516.30978	1863.94028
5.44165	2636.17161	2638.26244	64.20941	8.22087	197.82229	520.46286	1847.54701
5.42955	2625.97280	2627.90841	64.48622	8.26405	199.40952	524.65371	1831.09491
5.41744	2615.81435	2617.56381	64.76480	8.30758	201.01680	528.88238	1814.59225
5.40534	2605.68910	2607.23715	65.04517	8.35147	202.64447	533.14893	1798.04711
5.39323	2595.58387	2596.93672	65.32735	8.39572	204.29289	537.45338	1781.46738
5.38113	2585.54670	2586.67064	65.61134	8.44034	205.96241	541.79577	1764.86079
5.36902	2575.58519	2576.44681	65.89717	8.48532	207.65338	546.17607	1748.23487
5.35692	2565.68439	2566.27292	66.18484	8.53069	209.36618	550.59426	1731.59695
5.34481	2555.87193	2556.15648	66.47438	8.57643	211.10118	555.05030	1714.95419
5.33271	2546.14647	2546.10475	66.76580	8.62255	212.85876	559.54410	1698.31353
5.32060	2536.48497	2536.12481	67.05912	8.66907	214.63933	564.07559	1681.68170
5.30850	2526.90816	2526.22349	67.35435	8.71597	216.44327	568.64463	1665.06526
5.29640	2517.40752	2516.40741	67.65151	8.76327	218.27100	573.25109	1648.47054
5.28429	2507.94768	2506.68298	67.95062	8.81098	220.12294	577.89478	1631.90366
5.27219	2498.54811	2497.05635	68.25169	8.85909	221.99951	582.57551	1615.37056
5.26008	2489.31539	2487.53348	68.55474	8.90761	223.90114	587.29304	1598.87696
5.24798	2480.35956	2478.12009	68.85979	8.95654	225.82829	592.04711	1582.42836
5.23587	2471.68900	2468.82167	69.16685	9.00590	227.78140	596.83742	1566.03009
5.22377	2463.21551	2459.64347	69.47594	9.05568	229.76095	601.66365	1549.68725
5.21166	2454.85364	2450.59054	69.78709	9.10590	231.76740	606.52542	1533.40474
5.19956	2446.52058	2441.66769	70.10030	9.15654	233.80124	611.42235	1517.18726
5.18745	2438.22480	2432.87950	70.41560	9.20763	235.86297	616.35397	1501.03933
5.17535	2429.98925	2424.23032	70.73300	9.25917	237.95308	621.31982	1484.96525
5.16324	2421.79751	2415.72430	71.05252	9.31116	240.07210	626.31937	1468.96914
5.15114	2413.65314	2407.36535	71.37419	9.36360	242.22056	631.35206	1453.05493
5.13903	2405.57136	2399.15715	71.69802	9.41651	244.39900	636.41727	1437.22636
5.12693	2397.57026	2391.10319	72.02402	9.46989	246.60796	641.51435	1421.48697
5.11482	2389.63749	2383.20672	72.35223	9.52374	248.84801	646.64260	1405.84015
5.10272	2381.77417	2375.47078	72.68265	9.57807	251.11973	651.80125	1390.28908
5.09061	2373.99397	2367.89821	73.01531	9.63288	253.42371	656.98951	1374.83680
5.07851	2366.27415	2360.49162	73.35023	9.68819	255.76054	662.20652	1359.48614
5.06640	2358.64042	2353.25343	73.68743	9.74399	258.13085	667.45136	1344.23981
5.05430	2351.11264	2346.18585	74.02693	9.80030	260.53526	672.72305	1329.10031
5.04220	2343.67324	2339.29088	74.36874	9.85712	262.97441	678.02058	1314.07003
5.03009	2336.39602	2332.57032	74.71290	9.91445	265.44897	683.34285	1299.15115
5.01799	2329.29499	2326.02579	75.05942	9.97231	267.95960	688.68871	1284.34576
5.00588	2322.36695	2319.65870	75.40832	10.03069	270.50699	694.05694	1269.65576
4.99378	2315.63707	2313.47027	75.75962	10.08962	273.09185	699.44627	1255.08292
4.98167	2309.06007	2307.46155	76.11335	10.14908	275.71489	704.85533	1240.62889
4.96957	2302.62007	2301.63336	76.46953	10.20909	278.37685	710.28273	1226.29516
4.95746	2296.34848	2295.98639	76.82818	10.26967	281.07848	715.72695	1212.08311
4.94536	2290.25970	2290.52112	77.18932	10.33080	283.82055	721.18645	1197.99399
4.93325	2284.40242	2285.23785	77.55298	10.39251	286.60384	726.65959	1184.02893
4.92115	2278.78504	2280.13671	77.91918	10.45479	289.42915	732.14465	1170.18894
4.90904	2273.39434	2275.21768	78.28794	10.51766	292.29732	737.63984	1156.47492
4.89694	2268.20160	2270.48054	78.65928	10.58112	295.20918	743.14330	1142.88765
4.88483	2263.19102	2265.92492	79.03323	10.64519	298.16558	748.65307	1129.42784
4.87273	2258.34234	2261.55029	79.40982	10.70986	301.16741	754.16713	1116.09606
4.86062	2253.66802	2257.35595	79.78907	10.77515	304.21557	759.68335	1102.89281
4.84852	2249.19576	2253.34105	80.17100	10.84107	307.31097	765.19953	1089.81848
4.83641	2244.93816	2249.50460	80.55564	10.90762	310.45456	770.71340	1076.87338
4.82431	2240.87179	2245.84543	80.94301	10.97480	313.64731	776.22257	1064.05774
4.81220	2237.00881	2242.36225	81.33314	11.04264	316.89018	781.72460	1051.37169
4.80010	2233.35158	2239.05361	81.72605	11.11114	320.18419	787.21692	1038.81531
4.78800	2229.90215	2235.91794	82.12177	11.18031	323.53038	792.69690	1026.38858
4.77589	2226.70146	2232.95350	82.52034	11.25015	326.92978	798.16182	1014.09141
4.76379	2223.74132	2230.15844	82.92176	11.32068	330.38348	803.60886	1001.92366
4.75168	2221.04267	2227.53079	83.32608	11.39190	333.89259	809.03511	989.88512
4.73958	2218.62630	2225.06843	83.73331	11.46383	337.45822	814.43757	977.97550
4.72747	2216.48120	2222.76913	84.14349	11.53647	341.08152	819.81317	966.19447
4.71537	2214.57238	2220.63055	84.55665	11.60983	344.76369	825.15873	954.54165
4.70326	2212.88893	2218.65021	84.97280	11.68393	348.50592	830.47099	943.01657
4.69116	2211.39319	2216.82556	85.39199	11.75877	352.30944	835.74659	931.61876
4.67905	2210.13809	2215.15390	85.81424	11.83436	356.17551	840.98211	920.34767
4.66695	2209.10880	2213.63247	86.23958	11.91072	360.10543	846.17403	909.20271
4.65484	2208.26803	2212.25839	86.66803	11.98786	364.10051	851.31873	898.18326
4.64274	2207.59654	2211.02870	87.09964	12.06578	368.16209	856.41256	887.28864
4.63063	2207.07224	2209.94036	87.53442	12.14449	372.29155	861.45173	876.51815
4.61853	2206.71061	2208.99023	87.97242	12.22402	376.49031	866.43243	865.87105
4.60642	2206.53290	2208.17512	88.41365	12.30436	380.75979	871.35075	855.34657
4.59432	2206.56165	2207.49176	88.85816	12.38553	385.10148	876.20270	844.94389
4.58221	2206.78630	2206.93683	89.30598	12.46755	389.51686	880.98426	834.66218
4.57011	2207.22065	2206.50694	89.75713	12.55042	394.00748	885.69132	824.50059
4.55800	2207.81561	2206.19866	90.21165	12.63416	398.57490	890.31972	814.45822
4.54590	2208.53459	2206.00853	90.66958	12.71878	403.22074	894.86526	804.53417
4.53380	2209.37331	2205.93303	91.13094	12.80429	407.94661	899.32369	794.72751
4.52169	2210.28869	2205.96865	91.59577	12.89070	412.75420	903.69070	785.03728
4.50959	2211.30726	2206.11183	92.06410	12.97803	417.64520	907.96197	775.46252
4.49748	2212.38352	2206.35902	92.53598	13.06630	422.62137	912.13314	766.00223
4.48538	2213.54430	2206.70667	93.01142	13.15551	427.68448	916.19983	756.65543
4.47327	2214.73633	2207.15123	93.49048	13.24568	432.83633	920.15764	747.42109
4.46117	2215.94193	2207.68916	93.97318	13.33682	438.07879	924.00218	738.29818
4.44906	2217.15754	2208.31697	94.45957	13.42895	443.41374	927.72902	729.28568
4.43696	2218.41281	2209.03118	94.94967	13.52209	448.84310	931.33379	720.38252
4.42485	2219.75712	2209.82837	95.44353	13.61624	454.36884	934.81210	711.58766
4.41275	2221.14216	2210.70517	95.94119	13.71142	459.99294	938.15959	702.90003
4.40064	2222.57100	2211.65827	96.44267	13.80765	465.71745	941.37194	694.31856
4.38854	2223.98324	2212.68446	96.94803	13.90495	471.54444	944.44487	685.84217
4.37643	2225.26231	2213.78057	97.45730	14.00333	477.47601	947.37416	677.46977
4.36433	2226.42338	2214.94357	97.97051	14.10280	483.51431	950.15564	669.20030
4.35222	2227.50651	2216.17051	98.48772	14.20339	489.66153	952.78521	661.03265
4.34012	2228.49898	2217.45855	99.00896	14.30511	495.91987	955.25886	652.96575
4.32801	2229.40584	2218.80500	99.53427	14.40798	502.29160	957.57267	644.99849
4.31591	2230.24078	2220.20729	100.06369	14.51201	508.77900	959.72280	637.12979
4.30380	2231.00707	2221.66300	100.59726	14.61723	515.38439	961.70555	629.35857
4.29170	2231.70714	2223.16985	101.13504	14.72365	522.11011	963.51732	621.68372
4.27960	2232.32893	2224.72575	101.67706	14.83130	528.95856	965.15466	614.10417
4.26749	2232.87342	2226.32876	102.22336	14.94018	535.93215	966.61424	606.61883
4.25539	2233.35642	2227.97713	102.77399	15.05033	543.03332	967.89289	599.22661
4.24328	2233.68334	2229.66932	103.32900	15.16175	550.26453	968.98759	591.92645
4.23118	2233.91529	2231.40394	103.88842	15.27448	557.62828	969.89550	584.71726
4.21907	2234.14128	2233.17985	104.45231	15.38853	565.12707	970.61397	577.59797
4.20697	2234.36266	2234.99611	105.02072	15.50392	572.76345	971.14050	570.56752
4.19486	2234.59783	2236.85198	105.59368	15.62068	580.53995	971.47281	563.62486
4.18276	2234.92065	2238.74695	106.17126	15.73883	588.45913	971.60882	556.76892
4.17065	2235.27905	2240.68074	106.75349	15.85838	596.52356	971.54666	549.99866
4.15855	2235.71105	2242.65331	107.34042	15.97937	604.73581	971.28467	543.31304
4.14644	2236.23717	2244.66482	107.93211	16.10182	613.09845	970.82142	536.71102
4.13434	2237.02148	2246.71568	108.52861	16.22575	621.61405	970.15571	530.19157
4.12223	2238.10738	2248.80655	109.12996	16.35118	630.28515	969.28657	523.75368
4.11013	2239.55251	2250.93828	109.73622	16.47814	639.11430	968.21327	517.39634
4.09802	2241.24222	2253.11198	110.34745	16.60666	648.10400	966.93534	511.11853
4.08592	2243.12942	2255.32897	110.96368	16.73677	657.25674	965.45252	504.91927
4.07381	2245.21077	2257.59080	111.58499	16.86848	666.57496	963.76482	498.79755
4.06171	2247.63805	2259.89922	112.21141	17.00182	676.06105	961.87252	492.75242
4.04960	2250.36600	2262.25620	112.84302	17.13684	685.71734	959.77612	486.78288
4.03750	2253.31977	2264.66387	113.47985	17.27354	695.54610	957.47639	480.88798
4.02540	2256.32867	2267.12458	114.12198	17.41197	705.54951	954.97434	475.06678
4.01329	2259.38005	2269.64084	114.76945	17.55214	715.72968	952.27125	469.31831
4.00119	2262.49123	2272.21529	115.42233	17.69410	726.08859	949.36862	463.64165
3.98908	2265.77210	2274.85075	116.08068	17.83788	736.62812	946.26821	458.03587
3.97698	2269.20336	2277.55013	116.74455	17.98349	747.35000	942.97204	452.50005
3.96487	2272.75177	2280.31643	117.41400	18.13099	758.25582	939.48233	447.03330
3.95277	2276.37352	2283.15276	118.08910	18.28039	769.34701	935.80157	441.63470
3.94066	2280.17600	2286.06226	118.76990	18.43174	780.62480	931.93245	436.30337
3.92856	2284.13407	2289.04808	119.45648	18.58507	792.09021	927.87789	431.03843
3.91645	2288.12654	2292.11341	120.14889	18.74042	803.74406	923.64103	425.83902
3.90435	2292.12533	2295.26137	120.84720	18.89781	815.58688	919.22521	420.70427
3.89224	2296.08129	2298.49503	121.55148	19.05729	827.61897	914.63396	415.63333
3.88014	2300.03852	2301.81736	122.26179	19.21890	839.84029	909.87101	410.62537
3.86803	2304.08588	2305.23118	122.97819	19.38267	852.25049	904.94028	405.67956
3.85593	2307.98191	2308.73916	123.70077	19.54864	864.84887	899.84582	400.79506
3.84382	2311.80584	2312.34374	124.42958	19.71686	877.63433	894.59189	395.97108
3.83172	2315.68462	2316.04710	125.16469	19.88737	890.60535	889.18287	391.20681
3.81961	2319.67443	2319.85112	125.90619	20.06020	903.75998	883.62329	386.50146
3.80751	2323.93780	2323.75733	126.65413	20.23541	917.09575	877.91779	381.85425
3.79540	2328.33854	2327.76687	127.40860	20.41303	930.60969	872.07116	377.26440
3.78330	2332.86793	2331.88044	128.16966	20.59312	944.29825	866.08826	372.73115
3.77120	2337.52271	2336.09822	128.93740	20.77571	958.15729	859.97407	368.25375
3.75909	2342.33212	2340.41986	129.71188	20.96086	972.18202	853.73364	363.83146
3.74699	2347.24199	2344.84440	130.49319	21.14862	986.36695	847.37211	359.46353
3.73488	2352.21144	2349.37022	131.28140	21.33903	1000.70589	840.89465	355.14925
3.72278	2357.22887	2353.99499	132.07659	21.53215	1015.19184	834.30651	350.88790
3.71067	2362.39771	2358.71560	132.87885	21.72802	1029.81700	827.61295	346.67877
3.69857	2367.77003	2363.52812	133.68825	21.92671	1044.57271	820.81928	342.52117
3.68646	2373.23387	2368.42773	134.50488	22.12827	1059.44936	813.93082	338.41440
3.67436	2378.67119	2373.40867	135.32882	22.33276	1074.43643	806.95288	334.35778
3.66225	2384.07862	2378.46419	136.16016	22.54022	1089.52236	799.89080	330.35066
3.65015	2389.44601	2383.58648	136.99898	22.75073	1104.69456	792.74986	326.39235
3.63804	2394.74390	2388.76663	137.84537	22.96434	1119.93935	785.53536	322.48222
3.62594	2399.92880	2393.99458	138.69942	23.18111	1135.24190	778.25253	318.61961
3.61383	2405.03880	2399.25906	139.56122	23.40111	1150.58623	770.90660	314.80390
3.60173	2410.20060	2404.54758	140.43086	23.62441	1165.95516	763.50270	311.03445
3.58962	2415.39804	2409.84634	141.30843	23.85107	1181.33025	756.04595	307.31065
3.57752	2420.61524	2415.14025	142.19403	24.08115	1196.69181	748.54137	303.63189
3.56541	2425.78973	2420.41287	143.08775	24.31474	1212.01890	740.99392	299.99756
3.55331	2430.94198	2425.64638	143.98969	24.55190	1227.28923	733.40849	296.40707
3.54120	2436.05747	2430.82162	144.89994	24.79271	1242.47926	725.78987	292.85984
3.52910	2441.13329	2435.91802	145.81862	25.03724	1257.56412	718.14276	289.35528
3.51700	2446.18815	2440.91366	146.74581	25.28557	1272.51767	710.47177	285.89284
3.50489	2451.12229	2445.78526	147.68162	25.53778	1287.31250	702.78142	282.47195
3.49279	2455.81717	2450.50822	148.62615	25.79396	1301.91997	695.07609	279.09205
3.48068	2460.19783	2455.05663	149.57951	26.05419	1316.31025	687.36009	275.75260
3.46858	2464.11519	2459.40340	150.54181	26.31855	1330.45239	679.63759	272.45306
3.45647	2467.66168	2463.52023	151.51315	26.58713	1344.31439	671.91266	269.19290
3.44437	2470.66616	2467.37778	152.49364	26.86003	1357.86326	664.18924	265.97160
3.43226	2472.87635	2470.94572	153.48341	27.13734	1371.06517	656.47117	262.78864
3.42016	2474.35425	2474.19286	154.48255	27.41915	1383.88551	648.76214	259.64351
3.40805	2475.14848	2477.08727	155.49118	27.70557	1396.28907	641.06574	256.53572
3.39595	2475.23980	2479.59647	156.50942	27.99670	1408.24018	633.38541	253.46476
3.38384	2474.72011	2481.68753	157.53740	28.29263	1419.70285	625.72450	250.43015
3.37174	2473.56763	2483.32728	158.57522	28.59348	1430.64096	618.08621	247.43141
3.35963	2471.98189	2484.48252	159.62302	28.89936	1441.01846	610.47362	244.46806
3.34753	2470.20797	2485.12020	160.68090	29.21039	1450.79958	602.88967	241.53965
3.33542	2467.98634	2485.20763	161.74901	29.52667	1459.94903	595.33722	238.64570
3.32332	2465.01865	2484.71275	162.82747	29.84832	1468.43224	587.81895	235.78577
3.31121	2461.47984	2483.60433	163.91641	30.17548	1476.21557	580.33745	232.95941
3.29911	2457.44081	2481.85220	165.01595	30.50827	1483.26661	572.89519	230.16617
3.28700	2452.93292	2479.42754	166.12624	30.84681	1489.55435	565.49451	227.40563
3.27490	2448.16881	2476.30310	167.24740	31.19124	1495.04948	558.13763	224.67735
3.26280	2443.13864	2472.45345	168.37958	31.54171	1499.72459	550.82665	221.98092
3.25069	2437.80502	2467.85520	169.52291	31.89834	1503.55445	543.56358	219.31591
3.23859	2432.10954	2462.48724	170.67754	32.26128	1506.51621	536.35029	216.68192
3.22648	2426.18345	2456.33098	171.84361	32.63070	1508.58958	529.18856	214.07854
3.21438	2419.76759	2449.37050	173.02127	33.00673	1509.75710	522.08003	211.50537
3.20227	2412.60985	2441.59278	174.21066	33.38954	1510.00427	515.02628	208.96203
3.19017	2405.08847	2432.98782	175.41193	33.77929	1509.31971	508.02876	206.44812
3.17806	2397.20721	2423.54879	176.62524	34.17615	1507.69531	501.08883	203.96326
3.16596	2388.75725	2413.27217	177.85075	34.58029	1505.12631	494.20773	201.50709
3.15385	2379.64988	2402.15775	179.08860	34.99189	1501.61140	487.38664	199.07922
3.14175	2369.60561	2390.20878	180.33896	35.41114	1497.15276	480.62663	196.67929
3.12964	2358.73382	2377.43188	181.60200	35.83821	1491.75604	473.92869	194.30694
3.11754	2347.08470	2363.83710	182.87787	36.27332	1485.43039	467.29370	191.96182
3.10543	2334.97270	2349.43786	184.16675	36.71665	1478.18840	460.72249	189.64358
3.09333	2322.64944	2334.25082	185.46880	37.16841	1470.04596	454.21578	187.35187
3.08122	2310.31550	2318.29586	186.78420	37.62881	1461.02224	447.77425	185.08635
3.06912	2297.70585	2301.59583	188.11313	38.09809	1451.13946	441.39846	182.84670
3.05701	2284.59190	2284.17650	189.45575	38.57644	1440.42279	435.08894	180.63257
3.04491	2270.92194	2266.06626	190.81226	39.06413	1428.90011	428.84612	178.44365
3.03280	2256.39718	2247.29601	192.18284	39.56137	1416.60182	422.67037	176.27962
3.02070	2241.29769	2227.89886	193.56766	40.06842	1403.56061	416.56202	174.14015
3.00860	2225.42270	2207.90990	194.96694	40.58553	1389.81119	410.52131	172.02494
2.99649	2209.14081	2187.36597	196.38084	41.11296	1375.39005	404.54844	169.93367
2.98439	2191.98503	2166.30540	197.80958	41.65098	1360.33522	398.64355	167.86606
2.97228	2173.95580	2144.76770	199.25335	42.19988	1344.68594	392.80672	165.82180
2.96018	2154.60765	2122.79332	200.71235	42.75994	1328.48244	387.03799	163.80060
2.94807	2134.05532	2100.42341	202.18679	43.33145	1311.76567	381.33734	161.80216
2.93597	2112.53753	2077.69952	203.67688	43.91472	1294.57699	375.70472	159.82620
2.92386	2090.48060	2054.66337	205.18283	44.51006	1276.95801	370.14002	157.87245
2.91176	2067.98695	2031.35661	206.70484	45.11780	1258.95024	364.64311	155.94062
2.89965	2045.03153	2007.82061	208.24316	45.73827	1240.59495	359.21379	154.03044
2.88755	2021.63423	1984.09622	209.79798	46.37182	1221.93292	353.85185	152.14165
2.87544	1997.65689	1960.22358	211.36955	47.01880	1203.00423	348.55703	150.27397
2.86334	1973.34329	1936.24198	212.95809	47.67958	1183.84811	343.32906	148.42715
2.85123	1948.59628	1912.18965	214.56383	48.35453	1164.50276	338.16761	146.60092
2.83913	1923.82072	1888.10365	216.18702	49.04405	1145.00522	333.07233	144.79504
2.82702	1898.74290	1864.01976	217.82788	49.74853	1125.39124	328.04285	143.00925
2.81492	1873.73476	1839.97234	219.48667	50.46840	1105.69518	323.07878	141.24331
2.80281	1848.75136	1815.99428	221.16364	51.20407	1085.94992	318.17969	139.49697
2.79071	1823.75649	1792.11692	222.85904	51.95599	1066.18677	313.34512	137.76999
2.77860	1798.47409	1768.36998	224.57312	52.72461	1046.43547	308.57463	136.06215
2.76650	1773.02256	1744.78155	226.30615	53.51040	1026.72409	303.86772	134.37319
2.75440	1747.17115	1721.37809	228.05839	54.31384	1007.07906	299.22389	132.70290
2.74229	1721.02527	1698.18435	229.83011	55.13543	987.52514	294.64261	131.05105
2.73019	1695.24982	1675.22345	231.62159	55.97567	968.08541	290.12336	129.41742
2.71808	1669.85263	1652.51686	233.43310	56.83510	948.78129	285.66559	127.80178
2.70598	1644.71412	1630.08444	235.26493	57.71426	929.63260	281.26873	126.20392
2.69387	1619.22978	1607.94445	237.11737	58.61370	910.65754	276.93222	124.62363
2.68177	1593.38028	1586.11362	238.99071	59.53399	891.87277	272.65546	123.06069
2.66966	1567.83952	1564.60718	240.88524	60.47574	873.29343	268.43787	121.51489
2.65756	1543.09178	1543.43893	242.80128	61.43955	854.93322	264.27884	119.98604
2.64545	1519.21444	1522.62128	244.73913	62.42605	836.80441	260.17777	118.47393
2.63335	1495.90398	1502.16533	246.69909	63.43587	818.91797	256.13404	116.97836
2.62124	1472.73913	1482.08089	248.68150	64.46969	801.28355	252.14703	115.49913
2.60914	1449.57750	1462.37662	250.68666	65.52817	783.90962	248.21612	114.03605
2.59703	1427.03185	1443.06002	252.71493	66.61201	766.80348	244.34067	112.58894
2.58493	1405.16031	1424.13753	254.76661	67.72193	749.97134	240.52005	111.15760
2.57282	1383.97295	1405.61461	256.84207	68.85867	733.41841	236.75362	109.74184
2.56072	1363.49093	1387.49576	258.94164	70.02297	717.14892	233.04075	108.34149
2.54861	1343.32266	1369.78464	261.06568	71.21560	701.16621	229.38080	106.95636
2.53651	1323.71830	1352.48408	263.21454	72.43734	685.47281	225.77312	105.58628
2.52440	1304.97411	1335.59618	265.38859	73.68900	670.07045	222.21707	104.23106
2.51230	1286.80126	1319.12232	267.58821	74.97141	654.96015	218.71201	102.89054
2.50019	1269.28943	1303.06328	269.81377	76.28538	640.14228	215.25730	101.56454
2.48809	1252.24137	1287.41923	272.06566	77.63179	625.61660	211.85229	100.25289
2.47598	1235.66964	1272.18983	274.34427	79.01149	611.38230	208.49635	98.95544
2.46388	1219.78349	1257.37425	276.65000	80.42535	597.43807	205.18883	97.67200
2.45177	1205.13291	1242.97121	278.98326	81.87429	583.78215	201.92910	96.40242
2.43967	1191.59644	1228.97904	281.34448	83.35919	570.41234	198.71651	95.14653
2.42756	1178.72606	1215.39572	283.73408	84.88097	557.32607	195.55043	93.90417
2.41545	1166.02222	1202.21887	286.15249	86.44054	544.52042	192.43023	92.67518
2.40335	1153.60951	1189.44588	288.60018	88.03884	531.99218	189.35526	91.45941
2.39124	1141.57601	1177.07383	291.07759	89.67679	519.73785	186.32490	90.25669
2.37913	1130.30405	1165.09959	293.58521	91.35532	507.75368	183.33851	89.06687
2.36702	1119.91553	1153.51983	296.12353	93.07536	496.03572	180.39545	87.88978
2.35491	1110.08495	1142.33103	298.69304	94.83781	484.57980	177.49510	86.72527
2.34280	1100.43215	1131.52949	301.29427	96.64360	473.38163	174.63681	85.57318
2.33069	1090.86484	1121.11139	303.92777	98.49362	462.43671	171.81994	84.43335
2.31857	1081.79595	1111.07277	306.59410	100.38874	451.74046	169.04386	83.30562
2.30646	1073.58849	1101.40956	309.29386	102.32981	441.28816	166.30791	82.18981
2.29434	1066.53810	1092.11755	312.02765	104.31767	431.07501	163.61146	81.08577
2.28221	1060.38152	1083.19248	314.79614	106.35310	421.09610	160.95384	79.99332
2.27009	1054.86299	1074.62997	317.60000	108.43685	411.34646	158.33438	78.91228
2.25796	1049.72518	1066.42557	320.43998	110.56962	401.82107	155.75241	77.84248
2.24582	1044.71108	1058.57472	323.31685	112.75206	392.51482	153.20725	76.78373
2.23368	1039.89034	1051.07282	326.23144	114.98476	383.42260	150.69820	75.73583
2.22153	1035.29592	1043.91517	329.18464	117.26822	374.53920	148.22454	74.69857
2.20937	1030.92221	1037.09699	332.17742	119.60286	365.85942	145.78554	73.67175
2.19720	1026.73457	1030.61344	335.21081	121.98903	357.37799	143.38045	72.65515
2.18502	1022.65056	1024.45957	338.28595	124.42696	349.08964	141.00851	71.64852
2.17282	1018.76315	1018.63037	341.40406	126.91674	340.98904	138.66891	70.65163
2.16061	1015.14661	1013.12074	344.56648	129.45835	333.07087	136.36083	69.66420
2.14838	1011.79725	1007.92545	347.77468	132.05161	325.32976	134.08344	68.68596
2.13613	1008.53104	1003.03923	351.03025	134.69618	317.76033	131.83584	67.71663
2.12385	1005.17584	998.45665	354.33496	137.39148	310.35718	129.61714	66.75588
2.11155	1001.90402	994.17218	357.69074	140.13676	303.11490	127.42640	65.80339
2.09921	998.92692	990.18018	361.09970	142.93097	296.02806	125.26264	64.85882
2.08684	996.43686	986.47482	364.56417	145.77278	289.09124	123.12485	63.92178
2.07442	994.62935	983.05015	368.08670	148.66053	282.29902	121.01200	62.99190
2.06195	992.92110	979.90002	371.67009	151.59216	275.64598	118.92301	62.06877
2.04944	990.82647	977.01804	375.31740	154.56515	269.12674	116.85679	61.15196
2.03686	988.11702	974.39760	379.03196	157.57645	262.73596	114.81220	60.24103
2.02421	985.37755	972.03176	382.81745	160.62240	256.46832	112.78809	59.33550
2.01149	983.11806	969.91324	386.67781	163.69863	250.31861	110.78329	58.43490
1.99869	981.37270	968.03434	390.61737	166.79994	244.28167	108.79661	57.53874
1.98580	979.85083	966.38681	394.64079	169.92017	238.35249	106.82685	56.64650
1.97280	978.46924	964.96183	398.75310	173.05204	232.52617	104.87283	55.75769
1.95970	977.00864	963.74983	402.95969	176.18699	226.79799	102.93337	54.87178
1.94647	975.23161	962.74037	407.26636	179.31499	221.16343	101.00732	53.98827
1.93312	973.31256	961.92200	411.67926	182.42435	215.61820	99.09355	53.10665
1.91962	971.61410	961.28210	416.20493	185.50147	210.15828	97.19100	52.22643
1.90598	970.43433	960.80668	420.85026	188.53064	204.77993	95.29868	51.34717
1.89217	969.10391	960.48021	425.62248	191.49385	199.47978	93.41568	50.46841
1.87819	967.24074	960.28544	430.52915	194.37051	194.25483	91.54117	49.58978
1.86403	965.41941	960.20329	435.57807	197.13734	189.10247	89.67447	48.71093
1.84968	963.72192	960.21266	440.77727	199.76822	184.02056	87.81503	47.83158
1.83512	962.17112	960.29047	446.13494	202.23414	179.00742	85.96244	46.95152
1.82036	960.72391	960.41160	451.65934	204.50327	174.06190	84.11649	46.07061
1.80538	958.97269	960.54915	457.35872	206.54114	169.18334	82.27714	45.18881
1.79018	957.43160	960.67466	463.24122	208.31105	164.37165	80.44456	44.30618
1.77476	956.82720	960.75864	469.31471	209.77462	159.62727	78.61916	43.42289
1.75910	956.20582	960.77126	475.58670	210.89260	154.95119	76.80156	42.53921
1.74322	954.47708	960.68325	482.06414	211.62594	150.34497	74.99264	41.65556
1.72712	952.92113	960.46699	488.75327	211.93709	145.81066	73.19350	40.77246
1.71080	952.12263	960.09785	495.65942	211.79148	141.35083	71.40553	39.89059
1.69427	952.19523	959.55558	502.78677	211.15923	136.96851	69.63032	39.01075
1.67753	951.40341	958.82576	510.13817	210.01685	132.66715	67.86972	38.13387
1.66062	950.23391	957.90122	517.71487	208.34896	128.45055	66.12582	37.26103
1.64353	949.10699	956.78314	525.51626	206.14973	124.32284	64.40089	36.39342
1.62631	947.46014	955.48196	533.53965	203.42416	120.28837	62.69741	35.53237
1.60896	946.84628	954.01763	541.77995	200.18868	116.35167	61.01803	34.67930
1.59153	946.33820	952.41947	550.22947	196.47138	112.51735	59.36553	33.83575
1.57404	945.31401	950.72524	558.87762	192.31146	108.79004	57.74279	33.00333
1.55654	945.01517	948.97973	567.71073	187.75817	105.17431	56.15279	32.18373
1.53906	946.10260	947.23273	576.71179	182.86913	101.67461	54.59852	31.37867
1.52164	945.03083	945.53665	585.86035	177.70820	98.29517	53.08300	30.58994
1.50434	944.32296	943.94393	595.13236	172.34315	95.03994	51.60917	29.81930
1.48721	945.68586	942.50438	604.50018	166.84317	91.91257	50.17994	29.06852
1.47030	945.61889	941.26277	613.93251	161.27653	88.91629	48.79809	28.33934
1.45365	943.53004	940.25672	623.39461	155.70844	86.05395	47.46626	27.63345
1.43734	943.92223	939.51506	632.84843	150.19938	83.32789	46.18690	26.95246
1.42140	945.61646	939.05682	642.25296	144.80370	80.73999	44.96228	26.29788
1.40591	946.92325	938.89063	651.56462	139.56885	78.29162	43.79440	25.67113
1.39092	947.04277	939.01487	660.73782	134.53490	75.98361	42.68505	25.07349
1.37647	946.86993	939.41815	669.72558	129.73451	73.81629	41.63569	24.50608
1.36262	947.89300	940.08029	678.48026	125.19319	71.78942	40.64754	23.96988
1.34943	948.86645	940.97364	686.95442	120.92976	69.90228	39.72148	23.46570
1.33693	947.94136	942.06452	695.10166	116.95702	68.15359	38.85809	22.99416
1.32516	947.86640	943.31492	702.87763	113.28237	66.54160	38.05762	22.55570
1.31416	949.28313	944.68416	710.24097	109.90862	65.06404	37.31998	22.15055
1.30395	951.37315	946.13056	717.15426	106.83465	63.71814	36.64477	21.77875
1.29456	952.33643	947.61304	723.58498	104.05605	62.50066	36.03123	21.44013
1.28601	952.03080	949.09252	729.50637	101.56570	61.40787	35.47828	21.13430
1.27829	952.16540	950.53316	734.89817	99.35427	60.43557	34.98449	20.86066
1.27140	952.93500	951.90342	739.74726	97.41056	59.57908	34.54808	20.61842
1.26534	953.92674	953.17684	744.04821	95.72189	58.83324	34.16696	20.40655
1.26008	954.73137	954.33260	747.80352	94.27424	58.19238	33.83865	20.22380
1.25559	955.18964	955.35580	751.02384	93.05250	57.65035	33.56038	20.06873
1.25184	955.35698	956.23756	753.72790	92.04048	57.20048	33.32901	19.93968
1.24878	955.39613	956.97483	755.94231	91.22107	56.83561	33.14107	19.83477
1.24636	955.43435	957.57007	757.70115	90.57619	56.54803	32.99277	19.75193
1.24451	955.53396	958.03075	759.04548	90.08681	56.32955	32.88000	19.68891
1.24317	955.68394	958.36868	760.02259	89.73302	56.17147	32.79835	19.64326
1.24226	955.83322	958.59934	760.68527	89.49399	56.06459	32.74311	19.61237
1.24171	955.94531	958.74113	761.09093	89.34803	55.99930	32.70936	19.59350
1.24142	956.00836	958.81460	761.30066	89.27268	55.96559	32.69193	19.58375
1.24132	956.03248	958.84182	761.37826	89.24481	55.95312	32.68548	19.58014
1.24130	956.03596	958.84572	761.38938	89.24082	55.95134	32.68456	19.57963
