# eV	sigma	Fitting	Drude0	Lorentz1	Lorentz2	Lorentz3	Lorentz4
6.07110	2629.27238	2664.86151	26.97223	9.32442	269.07062	15.18740	2344.30684
6.05900	2634.54364	2664.03410	27.07938	9.36694	270.70086	15.37401	2341.51290
6.04689	2639.11819	2662.97445	27.18717	9.40977	272.34657	15.56428	2338.46665
6.03479	2642.94911	2661.68325	27.29561	9.45291	274.00794	15.75830	2335.16849
6.02268	2645.99107	2660.16139	27.40469	9.49635	275.68517	15.95618	2331.61900
6.01058	2648.33491	2658.40988	27.51443	9.54010	277.37847	16.15800	2327.81888
5.99847	2650.02586	2656.42994	27.62483	9.58416	279.08803	16.36390	2323.76903
5.98637	2651.02130	2654.22293	27.73589	9.62854	280.81408	16.57396	2319.47046
5.97426	2651.29395	2651.79036	27.84762	9.67324	282.55681	16.78831	2314.92438
5.96216	2651.04398	2649.13395	27.96002	9.71826	284.31646	17.00706	2310.13214
5.95005	2650.28322	2646.25552	28.07311	9.76361	286.09323	17.23035	2305.09523
5.93795	2648.93051	2643.15711	28.18688	9.80929	287.88735	17.45829	2299.81530
5.92584	2646.95593	2639.84087	28.30134	9.85530	289.69905	17.69101	2294.29417
5.91374	2644.56785	2636.30914	28.41650	9.90164	291.52855	17.92865	2288.53379
5.90163	2641.73472	2632.56440	28.53237	9.94833	293.37609	18.17136	2282.53626
5.88953	2638.38038	2628.60929	28.64894	9.99536	295.24191	18.41927	2276.30381
5.87742	2634.54464	2624.44659	28.76622	10.04273	297.12625	18.67254	2269.83885
5.86532	2630.38816	2620.07923	28.88423	10.09045	299.02935	18.93132	2263.14388
5.85321	2625.84837	2615.51030	29.00296	10.13853	300.95146	19.19577	2256.22158
5.84111	2620.85999	2610.74301	29.12242	10.18696	302.89284	19.46607	2249.07472
5.82900	2615.55544	2605.78073	29.24262	10.23575	304.85374	19.74239	2241.70624
5.81690	2609.98558	2600.62695	29.36356	10.28491	306.83442	20.02489	2234.11916
5.80480	2604.08977	2595.28529	29.48526	10.33443	308.83515	20.31379	2226.31667
5.79269	2597.84962	2589.75951	29.60771	10.38432	310.85619	20.60925	2218.30204
5.78059	2591.41109	2584.05349	29.73092	10.43459	312.89783	20.91150	2210.07866
5.76848	2584.74346	2578.17124	29.85490	10.48524	314.96033	21.22073	2201.65003
5.75638	2577.78875	2572.11685	29.97966	10.53627	317.04399	21.53716	2193.01977
5.74427	2570.61457	2565.89458	30.10520	10.58769	319.14908	21.86102	2184.19158
5.73217	2563.29504	2559.50874	30.23153	10.63950	321.27591	22.19253	2175.16926
5.72006	2555.78333	2552.96379	30.35865	10.69171	323.42477	22.53195	2165.95671
5.70796	2548.05982	2546.26426	30.48657	10.74431	325.59596	22.87953	2156.55789
5.69585	2540.23786	2539.41479	30.61530	10.79732	327.78979	23.23552	2146.97686
5.68375	2532.30044	2532.42011	30.74485	10.85073	330.00657	23.60020	2137.21776
5.67164	2524.20543	2525.28503	30.87522	10.90456	332.24661	23.97385	2127.28479
5.65954	2516.01150	2518.01445	31.00641	10.95880	334.51025	24.35677	2117.18222
5.64743	2507.75881	2510.61333	31.13845	11.01346	336.79780	24.74926	2106.91436
5.63533	2499.40925	2503.08673	31.27132	11.06855	339.10961	25.15164	2096.48562
5.62322	2490.95730	2495.43977	31.40505	11.12407	341.44600	25.56424	2085.90041
5.61112	2482.48092	2487.67761	31.53963	11.18002	343.80732	25.98741	2075.16322
5.59901	2473.97186	2479.80550	31.67508	11.23641	346.19393	26.42151	2064.27856
5.58691	2465.41713	2471.82874	31.81140	11.29325	348.60618	26.86692	2053.25100
5.57480	2456.84552	2463.75267	31.94860	11.35053	351.04443	27.32402	2042.08510
5.56270	2448.26630	2455.58269	32.08668	11.40827	353.50905	27.79321	2030.78547
5.55060	2439.67662	2447.32423	32.22567	11.46646	356.00042	28.27493	2019.35675
5.53849	2431.06486	2438.98277	32.36555	11.52512	358.51890	28.76962	2007.80358
5.52639	2422.43954	2430.56383	32.50634	11.58424	361.06490	29.27774	1996.13060
5.51428	2413.82659	2422.07295	32.64806	11.64384	363.63880	29.79977	1984.34248
5.50218	2405.25292	2413.51571	32.79070	11.70392	366.24101	30.33620	1972.44388
5.49007	2396.72523	2404.89770	32.93427	11.76448	368.87193	30.88758	1960.43944
5.47797	2388.22885	2396.22455	33.07878	11.82554	371.53197	31.45443	1948.33383
5.46586	2379.75309	2387.50190	33.22425	11.88708	374.22156	32.03735	1936.13167
5.45376	2371.30879	2378.73541	33.37067	11.94913	376.94112	32.63691	1923.83758
5.44165	2362.89486	2369.93075	33.51807	12.01168	379.69109	33.25375	1911.45617
5.42955	2354.50980	2361.09361	33.66643	12.07474	382.47190	33.88852	1898.99201
5.41744	2346.16870	2352.22967	33.81579	12.13832	385.28402	34.54190	1886.44964
5.40534	2337.87055	2343.34463	33.96613	12.20243	388.12790	35.21460	1873.83358
5.39323	2329.60997	2334.44420	34.11748	12.26706	391.00400	35.90736	1861.14831
5.38113	2321.39535	2325.53410	34.26984	12.33223	393.91279	36.62097	1848.39826
5.36902	2313.23676	2316.62002	34.42322	12.39794	396.85476	37.35625	1835.58785
5.35692	2305.14087	2307.70768	34.57763	12.46419	399.83040	38.11404	1822.72142
5.34481	2297.09567	2298.80279	34.73307	12.53100	402.84021	38.89524	1809.80327
5.33271	2289.09215	2289.91107	34.88956	12.59837	405.88468	39.70078	1796.83766
5.32060	2281.12833	2281.03822	35.04712	12.66630	408.96435	40.53165	1783.82880
5.30850	2273.19543	2272.18996	35.20573	12.73481	412.07972	41.38887	1770.78083
5.29640	2265.28592	2263.37199	35.36542	12.80390	415.23134	42.27351	1757.69782
5.28429	2257.39751	2254.59003	35.52620	12.87357	418.41974	43.18670	1744.58382
5.27219	2249.58808	2245.84978	35.68808	12.94384	421.64547	44.12961	1731.44278
5.26008	2241.79963	2237.15696	35.85106	13.01471	424.90911	45.10350	1718.27859
5.24798	2233.91475	2228.51728	36.01515	13.08618	428.21121	46.10964	1705.09510
5.23587	2225.88416	2219.93646	36.18037	13.15827	431.55236	47.14939	1691.89606
5.22377	2217.81464	2211.42021	36.34673	13.23098	434.93314	48.22419	1678.68517
5.21166	2209.82638	2202.97428	36.51424	13.30431	438.35416	49.33551	1665.46605
5.19956	2201.88521	2194.60439	36.68290	13.37829	441.81603	50.48493	1652.24225
5.18745	2193.94945	2186.31631	36.85272	13.45290	445.31936	51.67408	1639.01724
5.17535	2186.00206	2178.11581	37.02373	13.52817	448.86479	52.90468	1625.79443
5.16324	2178.01369	2170.00866	37.19593	13.60410	452.45296	54.17852	1612.57715
5.15114	2170.02859	2162.00068	37.36932	13.68070	456.08453	55.49750	1599.36864
5.13903	2162.43156	2154.09770	37.54393	13.75797	459.76014	56.86358	1586.17208
5.12693	2155.99791	2146.30557	37.71976	13.83592	463.48049	58.27884	1572.99056
5.11482	2149.39915	2138.63020	37.89683	13.91457	467.24626	59.74543	1559.82710
5.10272	2141.81337	2131.07749	38.07514	13.99392	471.05814	61.26564	1546.68465
5.09061	2134.01264	2123.65343	38.25471	14.07397	474.91684	62.84183	1533.56607
5.07851	2126.06268	2116.36400	38.43555	14.15474	478.82310	64.47647	1520.47414
5.06640	2117.88008	2109.21528	38.61766	14.23624	482.77763	66.17217	1507.41157
5.05430	2109.61854	2102.21335	38.80108	14.31848	486.78118	67.93162	1494.38099
5.04220	2101.64017	2095.36438	38.98579	14.40146	490.83452	69.75765	1481.38495
5.03009	2094.19384	2088.67456	39.17183	14.48519	494.93842	71.65321	1468.42592
5.01799	2087.06464	2082.15018	39.35919	14.56969	499.09365	73.62135	1455.50630
5.00588	2080.24792	2075.79754	39.54790	14.65496	503.30102	75.66525	1442.62841
4.99378	2074.09766	2069.62304	39.73797	14.74101	507.56133	77.78824	1429.79449
4.98167	2067.34602	2063.63311	39.92940	14.82785	511.87541	79.99373	1417.00672
4.96957	2059.07570	2057.83425	40.12222	14.91550	516.24410	82.28526	1404.26718
4.95746	2050.16158	2052.23301	40.31643	15.00396	520.66824	84.66650	1391.57789
4.94536	2041.75036	2046.83599	40.51205	15.09324	525.14870	87.14121	1378.94080
4.93325	2033.54510	2041.64982	40.70909	15.18335	529.68635	89.71325	1366.35778
4.92115	2025.85377	2036.68117	40.90757	15.27431	534.28209	92.38656	1353.83064
4.90904	2018.97288	2031.93671	41.10749	15.36613	538.93682	95.16516	1341.36111
4.89694	2012.21118	2027.42311	41.30889	15.45881	543.65147	98.05311	1328.95084
4.88483	2005.45893	2023.14702	41.51176	15.55236	548.42696	101.05451	1316.60143
4.87273	1998.71024	2019.11502	41.71612	15.64681	553.26425	104.17344	1304.31440
4.86062	1992.01426	2015.33362	41.92199	15.74216	558.16430	107.41396	1292.09121
4.84852	1986.72550	2011.80916	42.12938	15.83842	563.12809	110.78002	1279.93326
4.83641	1984.98270	2008.54784	42.33832	15.93560	568.15660	114.27546	1267.84187
4.82431	1982.05627	2005.55559	42.54880	16.03372	573.25086	117.90391	1255.81830
4.81220	1976.56373	2002.83803	42.76085	16.13279	578.41188	121.66875	1243.86377
4.80010	1970.97392	2000.40038	42.97448	16.23282	583.64070	125.57298	1231.97940
4.78800	1966.69261	1998.24739	43.18972	16.33382	588.93837	129.61919	1220.16629
4.77589	1963.42202	1996.38320	43.40657	16.43581	594.30596	133.80939	1208.42546
4.76379	1962.21249	1994.81120	43.62505	16.53880	599.74456	138.14492	1196.75787
4.75168	1962.09361	1993.53395	43.84517	16.64281	605.25526	142.62626	1185.16444
4.73958	1962.19572	1992.55297	44.06697	16.74784	610.83918	147.25296	1173.64602
4.72747	1962.25693	1991.86856	44.29044	16.85392	616.49744	152.02335	1162.20342
4.71537	1962.57724	1991.47965	44.51561	16.96105	622.23119	156.93443	1150.83738
4.70326	1964.49447	1991.38353	44.74250	17.06925	628.04158	161.98160	1139.54861
4.69116	1970.65151	1991.57567	44.97111	17.17854	633.92980	167.15846	1128.33775
4.67905	1976.34726	1992.04942	45.20148	17.28893	639.89702	172.45658	1117.20542
4.66695	1979.41928	1992.79583	45.43362	17.40043	645.94444	177.86518	1106.15216
4.65484	1982.98252	1993.80333	45.66754	17.51306	652.07330	183.37095	1095.17848
4.64274	1989.19614	1995.05753	45.90327	17.62684	658.28481	188.95776	1084.28485
4.63063	1996.31959	1996.54092	46.14082	17.74179	664.58022	194.60641	1073.47169
4.61853	2002.59608	1998.23272	46.38021	17.85791	670.96078	200.29444	1062.73938
4.60642	2008.55338	2000.10868	46.62146	17.97523	677.42777	205.99596	1052.08827
4.59432	2013.48253	2002.14095	46.86459	18.09376	683.98247	211.68150	1041.51863
4.58221	2017.89064	2004.29806	47.10962	18.21352	690.62617	217.31800	1031.03075
4.57011	2022.24784	2006.54497	47.35657	18.33453	697.36019	222.86885	1020.62484
4.55800	2026.57077	2008.84324	47.60546	18.45680	704.18584	228.29406	1010.30108
4.54590	2030.87881	2011.15130	47.85631	18.58036	711.10444	233.55056	1000.05964
4.53380	2036.60048	2013.42495	48.10913	18.70521	718.11734	238.59264	989.90063
4.52169	2042.60274	2015.61793	48.36396	18.83139	725.22589	243.37256	979.82413
4.50959	2043.32521	2017.68268	48.62081	18.95891	732.43144	247.84133	969.83019
4.49748	2041.96915	2019.57129	48.87971	19.08779	739.73535	251.94959	959.91885
4.48538	2041.08607	2021.23655	49.14066	19.21805	747.13899	255.64874	950.09010
4.47327	2040.55288	2022.63309	49.40371	19.34971	754.64375	258.89203	940.34390
4.46117	2039.66560	2023.71867	49.66886	19.48279	762.25100	261.63584	930.68018
4.44906	2037.58420	2024.45540	49.93615	19.61731	769.96212	263.84096	921.09887
4.43696	2034.46524	2024.81096	50.20559	19.75330	777.77849	265.47374	911.59984
4.42485	2030.54379	2024.75971	50.47720	19.89077	785.70152	266.50726	902.18296
4.41275	2026.83850	2024.28362	50.75102	20.02974	793.73257	266.92222	892.84806
4.40064	2023.71612	2023.37299	51.02706	20.17025	801.87304	266.70767	883.59497
4.38854	2020.79012	2022.02690	51.30535	20.31231	810.12429	265.86147	874.42347
4.37643	2018.85935	2020.25331	51.58592	20.45595	818.48771	264.39039	865.33334
4.36433	2016.43585	2018.06890	51.86878	20.60119	826.96465	262.30996	856.32433
4.35222	2010.94370	2015.49859	52.15396	20.74805	835.55646	259.64395	847.39617
4.34012	2004.88517	2012.57481	52.44150	20.89656	844.26450	256.42367	838.54858
4.32801	2000.44071	2009.33643	52.73140	21.04675	853.09007	252.68694	829.78126
4.31591	1995.77189	2005.82771	53.02371	21.19865	862.03449	248.47697	821.09389
4.30380	1990.01873	2002.09694	53.31844	21.35227	871.09905	243.84106	812.48613
4.29170	1984.10516	1998.19522	53.61562	21.50764	880.28501	238.82931	803.95763
4.27960	1977.86675	1994.17510	53.91529	21.66480	889.59360	233.49337	795.50803
4.26749	1974.36279	1990.08941	54.21746	21.82377	899.02604	227.88519	787.13696
4.25539	1973.97916	1985.99019	54.52217	21.98458	908.58348	222.05596	778.84401
4.24328	1973.73082	1981.92770	54.82944	22.14726	918.26707	216.05515	770.62878
4.23118	1973.33840	1977.94967	55.13931	22.31184	928.07790	209.92976	762.49086
4.21907	1972.76970	1974.10068	55.45180	22.47834	938.01701	203.72370	754.42983
4.20697	1970.68433	1970.42177	55.76694	22.64681	948.08540	197.47738	746.44524
4.19486	1967.85479	1966.95009	56.08476	22.81727	958.28402	191.22740	738.53664
4.18276	1964.38692	1963.71881	56.40529	22.98976	968.61374	185.00644	730.70358
4.17065	1959.61286	1960.75708	56.72857	23.16430	979.07537	178.84325	722.94560
4.15855	1952.51628	1958.09013	57.05462	23.34093	989.66966	172.76271	715.26221
4.14644	1952.22349	1955.73937	57.38347	23.51969	1000.39728	166.78599	707.65294
4.13434	1953.20248	1953.72268	57.71516	23.70061	1011.25880	160.93081	700.11730
4.12223	1953.98742	1952.05460	58.04972	23.88372	1022.25471	155.21164	692.65479
4.11013	1954.76005	1950.74661	58.38719	24.06907	1033.38542	149.64002	685.26491
4.09802	1955.57026	1949.80744	58.72759	24.25669	1044.65120	144.22481	677.94715
4.08592	1956.25318	1949.24333	59.07096	24.44662	1056.05223	138.97253	670.70099
4.07381	1954.12923	1949.05834	59.41734	24.63890	1067.58857	133.88761	663.52593
4.06171	1953.39743	1949.25455	59.76676	24.83356	1079.26014	128.97267	656.42143
4.04960	1955.00608	1949.83237	60.11925	25.03065	1091.06673	124.22878	649.38696
4.03750	1954.31990	1950.79072	60.47486	25.23021	1103.00798	119.65567	642.42200
4.02540	1952.74871	1952.12725	60.83361	25.43229	1115.08337	115.25197	635.52601
4.01329	1952.88188	1953.83853	61.19555	25.63691	1127.29223	111.01538	628.69846
4.00119	1954.18405	1955.92017	61.56071	25.84414	1139.63368	106.94284	621.93879
3.98908	1957.17002	1958.36701	61.92914	26.05402	1152.10668	103.03071	615.24648
3.97698	1961.96500	1961.17323	62.30086	26.26658	1164.70997	99.27484	608.62097
3.96487	1968.91453	1964.33240	62.67592	26.48189	1177.44211	95.67077	602.06171
3.95277	1969.62450	1967.83763	63.05436	26.69998	1190.30139	92.21373	595.56817
3.94066	1970.25343	1971.68160	63.43622	26.92091	1203.28591	88.89879	589.13978
3.92856	1975.09183	1975.85666	63.82155	27.14472	1216.39348	85.72091	582.77600
3.91645	1980.76858	1980.35480	64.21037	27.37147	1229.62168	82.67499	576.47628
3.90435	1987.08667	1985.16777	64.60274	27.60122	1242.96780	79.75595	570.24007
3.89224	1995.30236	1990.28705	64.99869	27.83401	1256.42883	76.95871	564.06681
3.88014	2004.73746	1995.70390	65.39828	28.06990	1270.00147	74.27829	557.95595
3.86803	2015.34476	2001.40934	65.80155	28.30895	1283.68210	71.70980	551.90695
3.85593	2022.91577	2007.39419	66.20853	28.55121	1297.46675	69.24846	545.91924
3.84382	2029.04944	2013.64905	66.61928	28.79675	1311.35112	66.88960	539.99229
3.83172	2037.95431	2020.16429	67.03384	29.04562	1325.33054	64.62874	534.12554
3.81961	2047.51527	2026.93006	67.45226	29.29789	1339.39995	62.46152	528.31844
3.80751	2057.46863	2033.93628	67.87459	29.55362	1353.55389	60.38373	522.57044
3.79540	2064.44776	2041.17262	68.30088	29.81288	1367.78652	58.39133	516.88101
3.78330	2072.49891	2048.62848	68.73117	30.07573	1382.09153	56.48046	511.24959
3.77120	2083.90472	2056.29299	69.16552	30.34223	1396.46221	54.64738	505.67565
3.75909	2088.97951	2064.15498	69.60397	30.61247	1410.89135	52.88855	500.15864
3.74699	2095.57203	2072.20297	70.04658	30.88650	1425.37131	51.20055	494.69803
3.73488	2105.45028	2080.42515	70.49340	31.16441	1439.89393	49.58013	489.29328
3.72278	2112.09791	2088.80937	70.94448	31.44627	1454.45056	48.02420	483.94386
3.71067	2118.32630	2097.34310	71.39988	31.73215	1469.03205	46.52979	478.64923
3.69857	2124.21538	2106.01345	71.85965	32.02214	1483.62872	45.09407	473.40887
3.68646	2127.48743	2114.80712	72.32385	32.31631	1498.23033	43.71438	468.22225
3.67436	2132.38927	2123.71039	72.79254	32.61474	1512.82612	42.38813	463.08885
3.66225	2139.62817	2132.70912	73.26577	32.91753	1527.40477	41.11292	458.00815
3.65015	2142.62723	2141.78875	73.74360	33.22475	1541.95438	39.88640	452.97962
3.63804	2148.26775	2150.93424	74.22608	33.53649	1556.46250	38.70639	448.00277
3.62594	2154.51530	2160.13010	74.71329	33.85285	1570.91610	37.57079	443.07706
3.61383	2160.47787	2169.36039	75.20529	34.17392	1585.30158	36.47761	438.20200
3.60173	2166.16669	2178.60868	75.70212	34.49980	1599.60474	35.42494	433.37708
3.58962	2172.58830	2187.85808	76.20387	34.83057	1613.81083	34.41100	428.60181
3.57752	2183.19647	2197.09120	76.71058	35.16635	1627.90453	33.43407	423.87567
3.56541	2198.38318	2206.29023	77.22234	35.50724	1641.86996	32.49252	419.19818
3.55331	2207.47658	2215.43684	77.73920	35.85333	1655.69067	31.58480	414.56884
3.54120	2215.68822	2224.51230	78.26123	36.20475	1669.34971	30.70945	409.98717
3.52910	2224.02739	2233.49740	78.78850	36.56159	1682.82957	29.86506	405.45268
3.51700	2231.66259	2242.37253	79.32108	36.92398	1696.11227	29.05030	400.96490
3.50489	2239.21378	2251.11767	79.85905	37.29203	1709.17934	28.26392	396.52334
3.49279	2249.53423	2259.71241	80.40247	37.66585	1722.01187	27.50469	392.12753
3.48068	2262.00838	2268.13603	80.95141	38.04559	1734.59054	26.77148	387.77701
3.46858	2274.12580	2276.36745	81.50596	38.43135	1746.89564	26.06320	383.47130
3.45647	2284.25913	2284.38534	82.06619	38.82327	1758.90713	25.37880	379.20995
3.44437	2294.52558	2292.16813	82.63217	39.22149	1770.60467	24.71731	374.99250
3.43226	2304.26313	2299.69405	83.20398	39.62614	1781.96767	24.07778	370.81849
3.42016	2308.84698	2306.94120	83.78171	40.03735	1792.97536	23.45930	366.68747
3.40805	2315.03534	2313.88758	84.36544	40.45528	1803.60682	22.86104	362.59900
3.39595	2324.34751	2320.51119	84.95524	40.88008	1813.84107	22.28218	358.55263
3.38384	2329.63153	2326.79005	85.55120	41.31189	1823.65710	21.72193	354.54793
3.37174	2330.21302	2332.70227	86.15341	41.75087	1833.03398	21.17956	350.58446
3.35963	2330.41166	2338.22617	86.76195	42.19718	1841.95088	20.65437	346.66178
3.34753	2331.27470	2343.34028	87.37692	42.65099	1850.38720	20.14568	342.77948
3.33542	2329.17213	2348.02347	87.99840	43.11247	1858.32262	19.65285	338.93713
3.32332	2329.94607	2352.25502	88.62648	43.58179	1865.73717	19.17527	335.13431
3.31121	2329.60923	2356.01469	89.26127	44.05912	1872.61134	18.71235	331.37061
3.29911	2328.42258	2359.28280	89.90284	44.54467	1878.92615	18.26354	327.64560
3.28700	2329.50250	2362.04032	90.55130	45.03861	1884.66322	17.82829	323.95890
3.27490	2328.74749	2364.26898	91.20675	45.54114	1889.80489	17.40611	320.31009
3.26280	2331.79925	2365.95130	91.86928	46.05246	1894.33429	16.99650	316.69877
3.25069	2334.22885	2367.07073	92.53901	46.57277	1898.23540	16.59900	313.12455
3.23859	2336.51467	2367.61170	93.21602	47.10230	1901.49318	16.21317	309.58704
3.22648	2336.06315	2367.55971	93.90044	47.64125	1904.09361	15.83857	306.08584
3.21438	2335.16456	2366.90139	94.59235	48.18986	1906.02380	15.47479	302.62059
3.20227	2334.89150	2365.62462	95.29188	48.74834	1907.27205	15.12146	299.19088
3.19017	2333.34436	2363.71855	95.99914	49.31695	1907.82790	14.77820	295.79635
3.17806	2331.66291	2361.17369	96.71423	49.89592	1907.68226	14.44464	292.43663
3.16596	2331.71712	2357.98199	97.43728	50.48551	1906.82739	14.12045	289.11135
3.15385	2329.15775	2354.13683	98.16840	51.08598	1905.25701	13.80530	285.82014
3.14175	2328.44218	2349.63314	98.90771	51.69760	1902.96633	13.49887	282.56264
3.12964	2327.18934	2344.46740	99.65533	52.32063	1899.95209	13.20086	279.33849
3.11754	2326.61410	2338.63767	100.41139	52.95536	1896.21259	12.91099	276.14734
3.10543	2325.35292	2332.14363	101.17601	53.60209	1891.74772	12.62897	272.98885
3.09333	2322.28040	2324.98660	101.94932	54.26111	1886.55898	12.35454	269.86266
3.08122	2318.03530	2317.16953	102.73145	54.93274	1880.64946	12.08745	266.76842
3.06912	2314.22174	2308.69699	103.52254	55.61729	1874.02390	11.82744	263.70582
3.05701	2309.41417	2299.57519	104.32272	56.31510	1866.68859	11.57430	260.67450
3.04491	2303.51943	2289.81195	105.13212	57.02649	1858.65143	11.32778	257.67413
3.03280	2296.45872	2279.41665	105.95090	57.75182	1849.92186	11.08767	254.70439
3.02070	2291.69545	2268.40022	106.77920	58.49145	1840.51085	10.85377	251.76496
3.00860	2284.97963	2256.77509	107.61716	59.24576	1830.43081	10.62587	248.85550
2.99649	2278.07886	2244.55511	108.46492	60.01511	1819.69559	10.40378	245.97571
2.98439	2267.80403	2231.75553	109.32266	60.79991	1808.32039	10.18731	243.12527
2.97228	2256.77093	2218.39292	110.19051	61.60055	1796.32169	9.97629	240.30387
2.96018	2247.62932	2204.48507	111.06863	62.41747	1783.71721	9.77055	237.51121
2.94807	2235.12631	2190.05094	111.95720	63.25109	1770.52577	9.56992	234.74697
2.93597	2222.36280	2175.11058	112.85636	64.10185	1756.76727	9.37424	232.01086
2.92386	2206.77378	2159.68502	113.76630	64.97021	1742.46256	9.18337	229.30258
2.91176	2194.68950	2143.79619	114.68718	65.85666	1727.63338	8.99714	226.62183
2.89965	2180.02600	2127.46682	115.61917	66.76166	1712.30222	8.81543	223.96834
2.88755	2166.07697	2110.72035	116.56246	67.68573	1696.49228	8.63809	221.34180
2.87544	2148.15496	2093.58085	117.51722	68.62938	1680.22732	8.46499	218.74193
2.86334	2130.26520	2076.07288	118.48365	69.59316	1663.53160	8.29601	216.16847
2.85123	2110.77909	2058.22142	119.46191	70.57760	1646.42978	8.13102	213.62111
2.83913	2091.54387	2040.05179	120.45222	71.58328	1628.94678	7.96991	211.09960
2.82702	2071.31740	2021.58953	121.45477	72.61078	1611.10775	7.81256	208.60366
2.81492	2048.77009	2002.86029	122.46975	73.66071	1592.93794	7.65886	206.13302
2.80281	2027.67327	1983.88979	123.49738	74.73369	1574.46259	7.50871	203.68742
2.79071	2005.16412	1964.70372	124.53785	75.83036	1555.70691	7.36200	201.26660
2.77860	1984.50904	1945.32763	125.59139	76.95138	1536.69593	7.21865	198.87029
2.76650	1961.93609	1925.78688	126.65821	78.09744	1517.45446	7.07854	196.49823
2.75440	1940.87163	1906.10656	127.73853	79.26924	1498.00701	6.94159	194.15019
2.74229	1917.71124	1886.31140	128.83257	80.46750	1478.37772	6.80771	191.82589
2.73019	1891.95192	1866.42576	129.94058	81.69297	1458.59029	6.67682	189.52511
2.71808	1870.90576	1846.47352	131.06277	82.94641	1438.66792	6.54882	187.24759
2.70598	1848.89729	1826.47806	132.19941	84.22863	1418.63328	6.42365	184.99309
2.69387	1824.38119	1806.46219	133.35072	85.54043	1398.50844	6.30123	182.76137
2.68177	1801.52978	1786.44811	134.51697	86.88265	1378.31483	6.18147	180.55220
2.66966	1777.19133	1766.45741	135.69840	88.25616	1358.07320	6.06431	178.36534
2.65756	1753.82390	1746.51098	136.89528	89.66185	1337.80362	5.94968	176.20056
2.64545	1726.72229	1726.62903	138.10788	91.10062	1317.52539	5.83750	174.05763
2.63335	1700.69249	1706.83105	139.33646	92.57343	1297.25710	5.72772	171.93633
2.62124	1675.88995	1687.13579	140.58132	94.08123	1277.01653	5.62027	169.83643
2.60914	1651.09504	1667.56127	141.84273	95.62502	1256.82070	5.51509	167.75772
2.59703	1628.10019	1648.12471	143.12099	97.20582	1236.68582	5.41212	165.69997
2.58493	1604.84528	1628.84262	144.41638	98.82466	1216.62730	5.31130	163.66298
2.57282	1580.83921	1609.73072	145.72923	100.48263	1196.65977	5.21258	161.64652
2.56072	1557.71953	1590.80396	147.05983	102.18081	1176.79704	5.11590	159.65038
2.54861	1534.23223	1572.07656	148.40851	103.92034	1157.05214	5.02121	157.67436
2.53651	1510.89424	1553.56198	149.77559	105.70236	1137.43731	4.92845	155.71826
2.52440	1488.36103	1535.27293	151.16141	107.52805	1117.96402	4.83759	153.78186
2.51230	1467.07407	1517.22141	152.56630	109.39861	1098.64296	4.74857	151.86497
2.50019	1448.40899	1499.41872	153.99061	111.31527	1079.48411	4.66135	149.96738
2.48809	1430.57115	1481.87543	155.43471	113.27927	1060.49668	4.57588	148.08889
2.47598	1413.35442	1464.60145	156.89895	115.29188	1041.68919	4.49212	146.22932
2.46388	1395.46404	1447.60605	158.38372	117.35439	1023.06946	4.41002	144.38846
2.45177	1381.08181	1430.89782	159.88939	119.46811	1004.64465	4.32954	142.56612
2.43967	1365.87806	1414.48475	161.41637	121.63437	986.42124	4.25065	140.76211
2.42756	1350.44513	1398.37422	162.96505	123.85450	968.40511	4.17331	138.97624
2.41545	1335.92384	1382.57302	164.53586	126.12987	950.60151	4.09748	137.20831
2.40335	1320.59690	1367.08739	166.12921	128.46182	933.01510	4.02311	135.45814
2.39124	1305.76792	1351.92300	167.74556	130.85173	915.64999	3.95019	133.72553
2.37913	1291.22020	1337.08501	169.38536	133.30096	898.50973	3.87866	132.01030
2.36702	1276.39935	1322.57806	171.04908	135.81088	881.59735	3.80850	130.31225
2.35491	1263.22715	1308.40629	172.73721	138.38284	864.91537	3.73968	128.63118
2.34280	1252.30404	1294.57336	174.45025	141.01819	848.46585	3.67216	126.96691
2.33069	1243.46247	1281.08247	176.18872	143.71826	832.25035	3.60591	125.31923
2.31857	1232.27128	1267.93635	177.95316	146.48435	816.26999	3.54090	123.68794
2.30646	1221.99980	1255.13731	179.74416	149.31773	800.52548	3.47710	122.07284
2.29434	1212.24585	1242.68721	181.56230	152.21962	785.01710	3.41448	120.47372
2.28221	1203.18942	1230.58749	183.40821	155.19121	769.74470	3.35302	118.89035
2.27009	1192.30632	1218.83915	185.28254	158.23363	754.70780	3.29267	117.32252
2.25796	1183.45774	1207.44280	187.18598	161.34793	739.90549	3.23342	115.76998
2.24582	1175.21369	1196.39864	189.11928	164.53509	725.33652	3.17524	114.23251
2.23368	1168.11530	1185.70645	191.08322	167.79601	710.99929	3.11810	112.70983
2.22153	1160.94227	1175.36559	193.07862	171.13148	696.89183	3.06197	111.20169
2.20937	1154.68984	1165.37503	195.10638	174.54217	683.01186	3.00682	109.70780
2.19720	1149.52805	1155.73331	197.16744	178.02862	669.35675	2.95263	108.22787
2.18502	1142.48887	1146.43857	199.26286	181.59122	655.92356	2.89937	106.76157
2.17282	1136.60601	1137.48851	201.39372	185.23019	642.70902	2.84702	105.30857
2.16061	1129.84272	1128.88041	203.56125	188.94556	629.70955	2.79554	103.86851
2.14838	1123.39513	1120.61110	205.76674	192.73715	616.92128	2.74491	102.44102
2.13613	1118.01351	1112.67694	208.01162	196.60451	604.34003	2.69510	101.02568
2.12385	1114.22964	1105.07387	210.29744	200.54693	591.96134	2.64609	99.62206
2.11155	1108.97534	1097.79730	212.62589	204.56338	579.78048	2.59784	98.22971
2.09921	1101.87997	1090.84214	214.99882	208.65244	567.79243	2.55034	96.84812
2.08684	1095.71862	1084.20280	217.41825	212.81229	555.99193	2.50354	95.47679
2.07442	1090.17885	1077.87308	219.88639	217.04061	544.37350	2.45742	94.11516
2.06195	1082.14158	1071.84621	222.40567	221.33451	532.93143	2.41195	92.76265
2.04944	1075.61421	1066.11476	224.97872	225.69048	521.65981	2.36710	91.41865
2.03686	1071.36649	1060.67060	227.60844	230.10421	510.55259	2.32285	90.08252
2.02421	1066.15358	1055.50479	230.29797	234.57051	499.60358	2.27915	88.75358
2.01149	1063.04698	1050.60757	233.05077	239.08318	488.80649	2.23600	87.43115
1.99869	1060.99625	1045.96818	235.87056	243.63479	478.15499	2.19334	86.11450
1.98580	1058.57957	1041.57479	238.76140	248.21655	467.64277	2.15115	84.80292
1.97280	1055.82207	1037.41432	241.72770	252.81802	457.26354	2.10942	83.49564
1.95970	1048.39988	1033.47231	244.77421	257.42691	447.01116	2.06809	82.19193
1.94647	1039.95117	1029.73270	247.90605	262.02879	436.87967	2.02716	80.89104
1.93312	1032.57167	1026.17765	251.12871	266.60678	426.86334	1.98658	79.59223
1.91962	1027.38928	1022.78729	254.44810	271.14124	416.95681	1.94634	78.29479
1.90598	1025.48796	1019.53949	257.87048	275.60944	407.15511	1.90642	76.99804
1.89217	1023.01418	1016.40964	261.40252	279.98522	397.45377	1.86678	75.70134
1.87819	1023.59980	1013.37040	265.05127	284.23869	387.84890	1.82742	74.40412
1.86403	1020.88864	1010.39153	268.82415	288.33595	378.33725	1.78831	73.10587
1.84968	1014.87524	1007.43979	272.72893	292.23890	368.91634	1.74944	71.80617
1.83512	1008.29855	1004.47885	276.77368	295.90517	359.58449	1.71081	70.50471
1.82036	1001.25888	1001.46949	280.96676	299.28814	350.34091	1.67240	69.20128
1.80538	992.54361	998.36981	285.31674	302.33729	341.18574	1.63421	67.89583
1.79018	987.22615	995.13582	289.83235	304.99866	332.12015	1.59624	66.58842
1.77476	984.10369	991.72222	294.52240	307.21569	323.14631	1.55851	65.27931
1.75910	980.89699	988.08348	299.39568	308.93043	314.26745	1.52102	63.96890
1.74322	978.86419	984.17531	304.46081	310.08503	305.48787	1.48379	62.65781
1.72712	974.10329	979.95638	309.72620	310.62364	296.81289	1.44684	61.34681
1.71080	967.09369	975.39039	315.19978	310.49464	288.24887	1.41019	60.03691
1.69427	963.77843	970.44831	320.88892	309.65312	279.80309	1.37388	58.72929
1.67753	961.62666	965.11061	326.80019	308.06338	271.48373	1.33795	57.42536
1.66062	958.01543	959.36957	332.93914	305.70153	263.29976	1.30242	56.12672
1.64353	951.34351	953.23107	339.31007	302.55769	255.26081	1.26735	54.83515
1.62631	941.45019	946.71605	345.91574	298.63780	247.37709	1.23278	53.55264
1.60896	933.75949	939.86117	352.75715	293.96473	239.65919	1.19876	52.28134
1.59153	925.19586	932.71859	359.83314	288.57856	232.11800	1.16535	51.02354
1.57404	919.42316	925.35485	367.14017	282.53591	224.76448	1.13260	49.78168
1.55654	912.44867	917.84878	374.67196	275.90838	217.60959	1.10057	48.55829
1.53906	909.42735	910.28859	382.41914	268.78011	210.66403	1.06931	47.35600
1.52164	905.77936	902.76827	390.36901	261.24472	203.93819	1.03887	46.17748
1.50434	895.59446	895.38367	398.50521	253.40180	197.44192	1.00932	45.02542
1.48721	892.42665	888.22841	406.80747	245.35327	191.18444	0.98071	43.90251
1.47030	893.24146	881.39007	415.25146	237.19991	185.17422	0.95309	42.81139
1.45365	890.08522	874.94677	423.80863	229.03815	179.41885	0.92651	41.75463
1.43734	879.95781	868.96439	432.44620	220.95753	173.92496	0.90101	40.73469
1.42140	872.35242	863.49463	441.12726	213.03869	168.69816	0.87662	39.75390
1.40591	873.46414	858.57378	449.81092	205.35209	163.74296	0.85340	38.81440
1.39092	869.40713	854.22238	458.45272	197.95736	159.06275	0.83137	37.91818
1.37647	862.02478	850.44557	467.00509	190.90317	154.65977	0.81055	37.06699
1.36262	853.84647	847.23405	475.41805	184.22763	150.53508	0.79096	36.26233
1.34943	852.76300	844.56560	483.63999	177.95894	146.68858	0.77262	35.50546
1.33693	851.57290	842.40693	491.61866	172.11635	143.11901	0.75554	34.79737
1.32516	847.86363	840.71582	499.30224	166.71114	139.82396	0.73972	34.13875
1.31416	845.57207	839.44339	506.64059	161.74777	136.79988	0.72515	33.53001
1.30395	845.93112	838.53640	513.58644	157.22482	134.04209	0.71182	32.97123
1.29456	840.89102	837.93951	520.09674	153.13602	131.54484	0.69971	32.46220
1.28601	831.35034	837.59736	526.13387	149.47106	129.30125	0.68881	32.00237
1.27829	832.06211	837.45646	531.66684	146.21632	127.30336	0.67908	31.59087
1.27140	835.96453	837.46687	536.67230	143.35544	125.54212	0.67048	31.22652
1.26534	839.75652	837.58342	541.13543	140.86981	124.00740	0.66298	30.90780
1.26008	840.84287	837.76676	545.05056	138.73887	122.68796	0.65651	30.63286
1.25559	839.12073	837.98395	548.42152	136.94039	121.57146	0.65104	30.39953
1.25184	836.16107	838.20870	551.26184	135.45062	120.64444	0.64648	30.20532
1.24878	833.60611	838.42136	553.59448	134.24435	119.89231	0.64279	30.04744
1.24636	832.61930	838.60851	555.45154	133.29498	119.29936	0.63987	29.92277
1.24451	833.13391	838.76238	556.87349	132.57454	118.84879	0.63765	29.82791
1.24317	834.69580	838.88009	557.90843	132.05370	118.52271	0.63605	29.75921
1.24226	836.41160	838.96273	558.61101	131.70180	118.30224	0.63496	29.71272
1.24171	837.74014	839.01443	559.04136	131.48691	118.16755	0.63430	29.68431
1.24142	838.49940	839.04149	559.26392	131.37598	118.09800	0.63396	29.66963
1.24132	838.79190	839.05156	559.34630	131.33496	118.07227	0.63383	29.66420
1.24130	838.83427	839.05300	559.35809	131.32908	118.06859	0.63381	29.66342
