# eV	sigma	Fitting	Drude0	Lorentz1	Lorentz2	Lorentz3	Lorentz4
6.07110	3013.47738	3013.14782	40.66816	13.50475	162.46317	290.64587	2505.86587
6.05900	3017.37715	3017.82070	40.82934	13.56589	163.53768	292.84331	2507.04447
6.04689	3021.30121	3021.99021	40.99148	13.62746	164.62348	295.06456	2507.68323
6.03479	3025.23450	3025.65275	41.15458	13.68946	165.72075	297.30989	2507.77808
6.02268	3029.16313	3028.80540	41.31866	13.75189	166.82964	299.57960	2507.32560
6.01058	3033.15906	3031.44591	41.48372	13.81477	167.95033	301.87399	2506.32310
5.99847	3037.20897	3033.57275	41.64976	13.87810	169.08298	304.19337	2504.76854
5.98637	3041.22386	3035.18510	41.81680	13.94187	170.22777	306.53804	2502.66061
5.97426	3044.69807	3036.28286	41.98484	14.00610	171.38488	308.90831	2499.99873
5.96216	3042.02688	3036.86666	42.15390	14.07079	172.55448	311.30448	2496.78301
5.95005	3035.21720	3036.93785	42.32397	14.13594	173.73676	313.72687	2493.01430
5.93795	3029.13172	3036.49852	42.49508	14.20156	174.93191	316.17580	2488.69417
5.92584	3027.66758	3035.55149	42.66722	14.26765	176.14011	318.65158	2483.82493
5.91374	3028.04598	3034.10031	42.84040	14.33422	177.36156	321.15453	2478.40959
5.90163	3028.71434	3032.14923	43.01464	14.40127	178.59646	323.68498	2472.45189
5.88953	3028.73782	3029.70324	43.18994	14.46881	179.84500	326.24324	2465.95624
5.87742	3027.80730	3026.76799	43.36631	14.53684	181.10739	328.82966	2458.92780
5.86532	3026.38336	3023.34987	43.54376	14.60536	182.38385	331.44455	2451.37236
5.85321	3023.81872	3019.45590	43.72229	14.67439	183.67457	334.08825	2443.29640
5.84111	3019.41939	3015.09376	43.90193	14.74392	184.97978	336.76109	2434.70705
5.82900	3012.40058	3010.27179	44.08266	14.81397	186.29970	339.46340	2425.61206
5.81690	3003.91261	3004.99891	44.26452	14.88453	187.63455	342.19553	2416.01979
5.80480	2995.77490	2999.28466	44.44749	14.95561	188.98456	344.95780	2405.93920
5.79269	2989.46939	2993.13913	44.63160	15.02722	190.34996	347.75057	2395.37978
5.78059	2984.15444	2986.57296	44.81686	15.09937	191.73099	350.57416	2384.35158
5.76848	2978.98165	2979.59728	45.00326	15.17205	193.12790	353.42892	2372.86515
5.75638	2973.23695	2972.22374	45.19083	15.24527	194.54092	356.31520	2360.93152
5.74427	2966.32487	2964.46442	45.37957	15.31904	195.97031	359.23333	2348.56216
5.73217	2958.27687	2956.33181	45.56948	15.39337	197.41633	362.18366	2335.76897
5.72006	2949.31889	2947.83883	45.76059	15.46826	198.87923	365.16653	2322.56422
5.70796	2938.99414	2938.99873	45.95290	15.54371	200.35929	368.18228	2308.96054
5.69585	2924.86009	2929.82509	46.14642	15.61974	201.85677	371.23126	2294.97090
5.68375	2909.81304	2920.33179	46.34116	15.69634	203.37196	374.31380	2280.60853
5.67164	2897.53445	2910.53296	46.53713	15.77353	204.90512	377.43026	2265.88693
5.65954	2890.80605	2900.44298	46.73435	15.85130	206.45655	380.58096	2250.81981
5.64743	2886.58504	2890.07639	46.93281	15.92968	208.02655	383.76625	2235.42110
5.63533	2880.02338	2879.44792	47.13254	16.00865	209.61541	386.98646	2219.70485
5.62322	2868.46108	2868.57240	47.33354	16.08824	211.22343	390.24193	2203.68526
5.61112	2856.39460	2857.46479	47.53582	16.16844	212.85093	393.53299	2187.37661
5.59901	2844.27966	2846.14009	47.73940	16.24926	214.49823	396.85997	2170.79323
5.58691	2832.11527	2834.61334	47.94429	16.33071	216.16564	400.22319	2153.94952
5.57480	2819.89690	2822.89959	48.15049	16.41279	217.85350	403.62298	2136.85983
5.56270	2807.67953	2811.01385	48.35802	16.49551	219.56214	407.05964	2119.53853
5.55060	2795.53167	2798.97110	48.56689	16.57889	221.29192	410.53350	2101.99990
5.53849	2784.54626	2786.78622	48.77711	16.66292	223.04316	414.04486	2084.25817
5.52639	2774.61563	2774.47400	48.98870	16.74761	224.81625	417.59402	2066.32743
5.51428	2764.13422	2762.04910	49.20165	16.83297	226.61153	421.18127	2048.22167
5.50218	2752.29874	2749.52601	49.41600	16.91901	228.42939	424.80690	2029.95472
5.49007	2740.20215	2736.91908	49.63174	17.00573	230.27019	428.47120	2011.54021
5.47797	2727.95673	2724.24242	49.84890	17.09315	232.13434	432.17443	1992.99161
5.46586	2715.56597	2711.50995	50.06747	17.18126	234.02222	435.91685	1974.32215
5.45376	2702.94204	2698.73538	50.28749	17.27008	235.93424	439.69872	1955.54485
5.44165	2690.36482	2685.93213	50.50895	17.35962	237.87080	443.52029	1936.67247
5.42955	2678.22351	2673.11337	50.73187	17.44988	239.83234	447.38177	1917.71752
5.41744	2667.09238	2660.29201	50.95626	17.54087	241.81928	451.28339	1898.69222
5.40534	2656.30872	2647.48065	51.18214	17.63259	243.83205	455.22535	1879.60850
5.39323	2645.01396	2634.69158	51.40952	17.72507	245.87112	459.20786	1860.47802
5.38113	2633.22564	2621.93680	51.63842	17.81830	247.93692	463.23107	1841.31209
5.36902	2620.90650	2609.22798	51.86884	17.91229	250.02994	467.29516	1822.12176
5.35692	2607.79099	2596.57646	52.10080	18.00706	252.15063	471.40027	1802.91769
5.34481	2593.57066	2583.99323	52.33431	18.10260	254.29951	475.54653	1783.71028
5.33271	2578.62866	2571.48895	52.56939	18.19894	256.47705	479.73404	1764.50954
5.32060	2563.52406	2559.07396	52.80605	18.29607	258.68377	483.96289	1745.32518
5.30850	2547.39753	2546.75820	53.04430	18.39402	260.92018	488.23314	1726.16656
5.29640	2530.94716	2534.55129	53.28417	18.49278	263.18681	492.54485	1707.04268
5.28429	2516.01961	2522.46249	53.52566	18.59236	265.48422	496.89802	1687.96223
5.27219	2505.80679	2510.50070	53.76879	18.69278	267.81294	501.29265	1668.93354
5.26008	2497.78257	2498.67448	54.01357	18.79405	270.17354	505.72872	1649.96461
5.24798	2487.22275	2486.99202	54.26002	18.89617	272.56660	510.20616	1631.06308
5.23587	2473.84242	2475.46116	54.50815	18.99916	274.99270	514.72487	1612.23627
5.22377	2460.29683	2464.08940	54.75799	19.10302	277.45246	519.28475	1593.49118
5.21166	2448.52015	2452.88387	55.00954	19.20777	279.94648	523.88562	1574.83446
5.19956	2437.68204	2441.85138	55.26281	19.31341	282.47539	528.52732	1556.27244
5.18745	2427.44304	2430.99838	55.51784	19.41996	285.03984	533.20961	1537.81113
5.17535	2418.03523	2420.33099	55.77462	19.52743	287.64048	537.93222	1519.45624
5.16324	2408.86313	2409.85500	56.03319	19.63582	290.27798	542.69486	1501.21315
5.15114	2399.69602	2399.57586	56.29354	19.74516	292.95303	547.49719	1483.08694
5.13903	2390.44335	2389.49870	56.55571	19.85544	295.66633	552.33881	1465.08242
5.12693	2381.08350	2379.62835	56.81971	19.96668	298.41859	557.21929	1447.20408
5.11482	2371.73292	2369.96929	57.08555	20.07889	301.21054	562.13816	1429.45614
5.10272	2363.74485	2360.52573	57.35326	20.19209	304.04294	567.09488	1411.84256
5.09061	2357.89664	2351.30155	57.62284	20.30629	306.91655	572.08887	1394.36700
5.07851	2350.92285	2342.30036	57.89432	20.42149	309.83215	577.11950	1377.03289
5.06640	2338.02915	2333.52544	58.16772	20.53771	312.79054	582.18608	1359.84339
5.05430	2322.83545	2324.97984	58.44305	20.65497	315.79254	587.28785	1342.80143
5.04220	2313.41470	2316.66628	58.72032	20.77327	318.83899	592.42401	1325.90969
5.03009	2307.15611	2308.58725	58.99957	20.89263	321.93072	597.59368	1309.17064
5.01799	2300.96063	2300.74493	59.28081	21.01305	325.06864	602.79593	1292.58650
5.00588	2294.11938	2293.14129	59.56405	21.13457	328.25361	608.02975	1276.15931
4.99378	2287.15060	2285.77800	59.84932	21.25718	331.48656	613.29406	1259.89088
4.98167	2280.03514	2278.65651	60.13663	21.38090	334.76842	618.58771	1243.78284
4.96957	2272.20125	2271.77801	60.42601	21.50574	338.10015	623.90949	1227.83662
4.95746	2263.85547	2265.14347	60.71747	21.63172	341.48272	629.25808	1212.05347
4.94536	2256.37333	2258.75361	61.01104	21.75886	344.91713	634.63211	1196.43446
4.93325	2251.20874	2252.60893	61.30673	21.88716	348.40440	640.03012	1180.98052
4.92115	2245.86984	2246.70973	61.60456	22.01665	351.94558	645.45056	1165.69238
4.90904	2238.18165	2241.05605	61.90456	22.14733	355.54173	650.89178	1150.57064
4.89694	2229.59306	2235.64776	62.20675	22.27923	359.19394	656.35207	1135.61577
4.88483	2220.61972	2230.48450	62.51114	22.41235	362.90334	661.82962	1120.82806
4.87273	2210.65913	2225.56573	62.81777	22.54671	366.67105	667.32250	1106.20770
4.86062	2200.76666	2220.89069	63.12664	22.68233	370.49826	672.82871	1091.75474
4.84852	2192.86996	2216.45844	63.43779	22.81923	374.38615	678.34615	1077.46912
4.83641	2187.65697	2212.26786	63.75123	22.95742	378.33594	683.87261	1063.35066
4.82431	2184.53372	2208.31764	64.06699	23.09692	382.34888	689.40577	1049.39907
4.81220	2182.25788	2204.60630	64.38509	23.23774	386.42625	694.94323	1035.61397
4.80010	2180.20559	2201.13217	64.70556	23.37991	390.56936	700.48247	1021.99487
4.78800	2178.28231	2197.89342	65.02841	23.52343	394.77953	706.02086	1008.54120
4.77589	2176.68066	2194.88808	65.35367	23.66834	399.05813	711.55565	995.25230
4.76379	2175.99094	2192.11398	65.68136	23.81464	403.40655	717.08401	982.12742
4.75168	2182.22721	2189.56883	66.01152	23.96235	407.82623	722.60298	969.16575
4.73958	2188.72440	2187.25015	66.34415	24.11149	412.31861	728.10948	956.36641
4.72747	2189.26179	2185.15536	66.67930	24.26209	416.88519	733.60034	943.72844
4.71537	2187.69871	2183.28170	67.01698	24.41416	421.52748	739.07225	931.25083
4.70326	2184.05652	2181.62630	67.35721	24.56772	426.24706	744.52181	918.93250
4.69116	2178.53180	2180.18615	67.70003	24.72279	431.04549	749.94549	906.77233
4.67905	2173.75028	2178.95809	68.04547	24.87940	435.92441	755.33967	894.76915
4.66695	2171.69198	2177.93889	68.39353	25.03755	440.88548	760.70060	882.92172
4.65484	2172.32990	2177.12514	68.74427	25.19728	445.93040	766.02441	871.22879
4.64274	2179.85134	2176.51338	69.09769	25.35860	451.06088	771.30716	859.68906
4.63063	2192.65773	2176.10001	69.45383	25.52154	456.27871	776.54476	848.30117
4.61853	2195.17836	2175.88133	69.81272	25.68611	461.58569	781.73304	837.06377
4.60642	2193.08648	2175.85356	70.17438	25.85235	466.98366	786.86773	825.97544
4.59432	2192.89987	2176.01284	70.53884	26.02027	472.47450	791.94446	815.03476
4.58221	2194.45029	2176.35522	70.90614	26.18990	478.06013	796.95876	804.24028
4.57011	2195.73840	2176.87667	71.27629	26.36126	483.74252	801.90608	793.59052
4.55800	2195.75474	2177.57312	71.64934	26.53438	489.52366	806.78176	783.08398
4.54590	2195.45823	2178.44043	72.02531	26.70927	495.40559	811.58110	772.71916
4.53380	2198.03613	2179.47440	72.40422	26.88597	501.39038	816.29929	762.49452
4.52169	2203.19620	2180.67081	72.78612	27.06450	507.48017	820.93148	752.40854
4.50959	2202.96272	2182.02541	73.17104	27.24489	513.67710	825.47274	742.45965
4.49748	2195.92338	2183.53392	73.55899	27.42716	519.98337	829.91810	732.64629
4.48538	2195.78947	2185.19204	73.95003	27.61134	526.40123	834.26253	722.96692
4.47327	2207.02666	2186.99549	74.34417	27.79745	532.93296	838.50097	713.41994
4.46117	2210.58100	2188.93999	74.74145	27.98553	539.58087	842.62835	704.00379
4.44906	2197.10650	2191.02127	75.14191	28.17561	546.34732	846.63954	694.71689
4.43696	2192.07223	2193.23511	75.54557	28.36770	553.23472	850.52944	685.55767
4.42485	2204.29340	2195.57730	75.95248	28.56185	560.24550	854.29294	676.52453
4.41275	2211.08047	2198.04373	76.36267	28.75808	567.38214	857.92493	667.61592
4.40064	2209.57747	2200.63031	76.77617	28.95642	574.64714	861.42034	658.83025
4.38854	2208.18019	2203.33306	77.19302	29.15690	582.04307	864.77412	650.16595
4.37643	2206.69393	2206.14807	77.61325	29.35955	589.57250	867.98130	641.62147
4.36433	2207.00517	2209.07153	78.03690	29.56442	597.23805	871.03692	633.19523
4.35222	2214.21757	2212.09975	78.46401	29.77152	605.04238	873.93614	624.88570
4.34012	2223.99457	2215.22917	78.89462	29.98090	612.98816	876.67417	616.69133
4.32801	2231.60341	2218.45636	79.32876	30.19258	621.07810	879.24635	608.61058
4.31591	2237.64005	2221.77804	79.76647	30.40661	629.31493	881.64811	600.64193
4.30380	2234.92804	2225.19109	80.20779	30.62301	637.70143	883.87502	592.78385
4.29170	2229.94224	2228.69256	80.65276	30.84182	646.24035	885.92277	585.03485
4.27960	2232.41334	2232.27969	81.10142	31.06309	654.93451	887.78724	577.39344
4.26749	2234.10835	2235.94989	81.55381	31.28684	663.78670	889.46442	569.85812
4.25539	2228.31364	2239.70081	82.00998	31.51312	672.79975	890.95054	562.42742
4.24328	2223.28487	2243.53028	82.46996	31.74196	681.97648	892.24199	555.09990
4.23118	2226.95976	2247.43636	82.93379	31.97341	691.31971	893.33535	547.87410
4.21907	2228.86946	2251.41733	83.40153	32.20750	700.83225	894.22745	540.74859
4.20697	2216.03137	2255.47171	83.87320	32.44428	710.51693	894.91534	533.72196
4.19486	2215.63935	2259.59826	84.34887	32.68378	720.37651	895.39630	526.79280
4.18276	2240.19572	2263.79597	84.82856	32.92606	730.41377	895.66786	519.95972
4.17065	2251.33325	2268.06409	85.31234	33.17115	740.63143	895.72783	513.22134
4.15855	2254.69390	2272.40210	85.80024	33.41910	751.03218	895.57427	506.57632
4.14644	2253.28788	2276.80972	86.29230	33.66995	761.61866	895.20553	500.02329
4.13434	2250.13716	2281.28694	86.78859	33.92375	772.39343	894.62024	493.56093
4.12223	2253.65836	2285.83397	87.28914	34.18056	783.35901	893.81734	487.18793
4.11013	2261.93416	2290.45123	87.79400	34.44040	794.51781	892.79604	480.90298
4.09802	2275.19949	2295.13942	88.30323	34.70335	805.87214	891.55589	474.70481
4.08592	2287.25992	2299.89940	88.81687	34.96944	817.42424	890.09672	468.59214
4.07381	2287.68842	2304.73226	89.33497	35.23872	829.17616	888.41868	462.56372
4.06171	2294.06619	2309.63928	89.85759	35.51126	841.12988	886.52225	456.61831
4.04960	2314.81083	2314.62191	90.38478	35.78710	853.28715	884.40819	450.75469
4.03750	2312.09550	2319.68175	90.91659	36.06629	865.64960	882.07759	444.97167
4.02540	2296.97749	2324.82052	91.45307	36.34890	878.21864	879.53188	439.26803
4.01329	2297.49138	2330.04007	91.99429	36.63498	890.99544	876.77274	433.64262
4.00119	2306.72799	2335.34233	92.54029	36.92459	903.98098	873.80220	428.09427
3.98908	2330.87246	2340.72926	93.09113	37.21778	917.17593	870.62259	422.62184
3.97698	2341.40487	2346.20286	93.64686	37.51462	930.58068	867.23650	417.22421
3.96487	2339.26845	2351.76512	94.20756	37.81516	944.19532	863.64683	411.90025
3.95277	2355.31151	2357.41797	94.77326	38.11948	958.01957	859.85678	406.64888
3.94066	2373.29021	2363.16325	95.34404	38.42763	972.05279	855.86977	401.46901
3.92856	2384.20140	2369.00267	95.91996	38.73969	986.29392	851.68953	396.35957
3.91645	2379.50283	2374.93777	96.50107	39.05571	1000.74147	847.32000	391.31952
3.90435	2350.86460	2380.96987	97.08744	39.37577	1015.39345	842.76539	386.34782
3.89224	2355.48474	2387.09999	97.67913	39.69994	1030.24736	838.03012	381.44344
3.88014	2378.70970	2393.32887	98.27620	40.02829	1045.30017	833.11881	376.60539
3.86803	2423.51859	2399.65682	98.87873	40.36088	1060.54822	828.03632	371.83267
3.85593	2432.00723	2406.08376	99.48677	40.69781	1075.98723	822.78765	367.12430
3.84382	2430.14231	2412.60909	100.10039	41.03913	1091.61222	817.37801	362.47933
3.83172	2425.60657	2419.23166	100.71967	41.38494	1107.41752	811.81274	357.89680
3.81961	2425.10055	2425.94971	101.34467	41.73530	1123.39664	806.09733	353.37577
3.80751	2434.16967	2432.76080	101.97545	42.09031	1139.54230	800.23741	348.91534
3.79540	2455.71627	2439.66176	102.61210	42.45004	1155.84634	794.23870	344.51459
3.78330	2467.73114	2446.64860	103.25468	42.81458	1172.29968	788.10704	340.17263
3.77120	2468.93726	2453.71647	103.90327	43.18402	1188.89228	781.84833	335.88858
3.75909	2466.08533	2460.85957	104.55794	43.55844	1205.61307	775.46854	331.66158
3.74699	2470.98043	2468.07111	105.21876	43.93794	1222.44992	768.97372	327.49077
3.73488	2501.82160	2475.34326	105.88582	44.32261	1239.38959	762.36991	323.37532
3.72278	2512.03358	2482.66703	106.55920	44.71254	1256.41768	755.66321	319.31440
3.71067	2509.27698	2490.03227	107.23896	45.10783	1273.51857	748.85972	315.30719
3.69857	2495.71629	2497.42761	107.92520	45.50859	1290.67541	741.96551	311.35290
3.68646	2512.78897	2504.84035	108.61799	45.91490	1307.87005	734.98667	307.45074
3.67436	2539.55337	2512.25648	109.31741	46.32689	1325.08302	727.92924	303.59992
3.66225	2565.63756	2519.66061	110.02356	46.74465	1342.29350	720.79920	299.79970
3.65015	2549.26914	2527.03593	110.73651	47.16829	1359.47930	713.60252	296.04931
3.63804	2537.54048	2534.36418	111.45636	47.59792	1376.61683	706.34506	292.34802
3.62594	2537.31436	2541.62563	112.18319	48.03366	1393.68107	699.03262	288.69509
3.61383	2548.93451	2548.79909	112.91709	48.47563	1410.64563	691.67093	285.08982
3.60173	2565.95835	2555.86187	113.65815	48.92394	1427.48269	684.26561	281.53149
3.58962	2575.96552	2562.78981	114.40647	49.37872	1444.16305	676.82217	278.01941
3.57752	2580.17465	2569.55731	115.16214	49.84009	1460.65616	669.34603	274.55290
3.56541	2586.05291	2576.13733	115.92525	50.30818	1476.93015	661.84248	271.13128
3.55331	2574.08915	2582.50148	116.69591	50.78312	1492.95188	654.31668	267.75390
3.54120	2568.22741	2588.62004	117.47420	51.26504	1508.68702	646.77368	264.42010
3.52910	2608.67697	2594.46209	118.26024	51.75409	1524.10014	639.21837	261.12924
3.51700	2599.02303	2599.99554	119.05412	52.25041	1539.15479	631.65553	257.88069
3.50489	2605.64754	2605.18730	119.85595	52.75413	1553.81361	624.08978	254.67383
3.49279	2611.29931	2610.00337	120.66584	53.26541	1568.03848	616.52558	251.50805
3.48068	2612.30549	2614.40898	121.48388	53.78440	1581.79068	608.96727	248.38275
3.46858	2622.07485	2618.36882	122.31019	54.31126	1595.03100	601.41903	245.29733
3.45647	2635.03953	2621.84711	123.14489	54.84613	1607.71999	593.88487	242.25123
3.44437	2643.31884	2624.80788	123.98807	55.38919	1619.81810	586.36867	239.24385
3.43226	2634.60896	2627.21517	124.83986	55.94060	1631.28592	578.87414	236.27465
3.42016	2613.56184	2629.03321	125.70038	56.50054	1642.08439	571.40485	233.34306
3.40805	2616.46292	2630.22669	126.56973	57.06918	1652.17506	563.96419	230.44854
3.39595	2630.86748	2630.76100	127.44805	57.64669	1661.52028	556.55543	227.59055
3.38384	2638.24007	2630.60250	128.33545	58.23327	1670.08354	549.18167	224.76857
3.37174	2623.79817	2629.71873	129.23207	58.82909	1677.82964	541.84586	221.98208
3.35963	2599.30766	2628.07875	130.13801	59.43437	1684.72502	534.55079	219.23056
3.34753	2593.63882	2625.65332	131.05342	60.04928	1690.73797	527.29914	216.51351
3.33542	2588.76520	2622.41524	131.97843	60.67404	1695.83893	520.09340	213.83044
3.32332	2582.61395	2618.33954	132.91316	61.30886	1700.00071	512.93595	211.18086
3.31121	2575.24412	2613.40375	133.85776	61.95395	1703.19875	505.82901	208.56430
3.29911	2564.09310	2607.58813	134.81236	62.60952	1705.41131	498.77467	205.98027
3.28700	2545.36912	2600.87587	135.77710	63.27581	1706.61974	491.77491	203.42832
3.27490	2533.71515	2593.25330	136.75212	63.95304	1706.80862	484.83154	200.90799
3.26280	2528.88997	2584.71003	137.73757	64.64145	1705.96592	477.94627	198.41883
3.25069	2545.28710	2575.23911	138.73360	65.34128	1704.08316	471.12067	195.96040
3.23859	2537.17272	2564.83715	139.74036	66.05278	1701.15554	464.35621	193.53226
3.22648	2531.23863	2553.50438	140.75799	66.77621	1697.18194	457.65424	191.13399
3.21438	2517.67867	2541.24470	141.78666	67.51183	1692.16506	451.01598	188.76517
3.20227	2501.43487	2528.06571	142.82653	68.25990	1686.11135	444.44255	186.42538
3.19017	2493.41268	2513.97869	143.87775	69.02071	1679.03105	437.93498	184.11421
3.17806	2486.03428	2498.99853	144.94049	69.79453	1670.93807	431.49418	181.83126
3.16596	2476.93787	2483.14365	146.01491	70.58166	1661.84997	425.12097	179.57614
3.15385	2439.57045	2466.43590	147.10119	71.38239	1651.78777	418.81608	177.34847
3.14175	2433.85033	2448.90038	148.19950	72.19702	1640.77585	412.58015	175.14785
3.12964	2413.18585	2430.56527	149.31002	73.02588	1628.84174	406.41373	172.97391
3.11754	2405.39322	2411.46166	150.43291	73.86928	1616.01591	400.31728	170.82628
3.10543	2391.55331	2391.62329	151.56838	74.72755	1602.33156	394.29121	168.70460
3.09333	2383.95180	2371.08631	152.71660	75.60103	1587.82437	388.33581	166.60851
3.08122	2361.20759	2349.88903	153.87776	76.49007	1572.53221	382.45134	164.53765
3.06912	2338.69907	2328.07163	155.05205	77.39502	1556.49490	376.63798	162.49169
3.05701	2306.27596	2305.67592	156.23968	78.31625	1539.75391	370.89582	160.47027
3.04491	2297.00379	2282.74501	157.44084	79.25413	1522.35206	365.22493	158.47306
3.03280	2281.26762	2259.32306	158.65573	80.20905	1504.33326	359.62528	156.49974
3.02070	2259.83221	2235.45496	159.88457	81.18140	1485.74221	354.09682	154.54997
3.00860	2246.71642	2211.18610	161.12756	82.17159	1466.62409	348.63943	152.62343
2.99649	2219.51297	2186.56206	162.38491	83.18004	1447.02436	343.25294	150.71981
2.98439	2179.93373	2161.62839	163.65686	84.20716	1426.98843	337.93713	148.83881
2.97228	2167.81355	2136.43032	164.94362	85.25340	1406.56145	332.69176	146.98010
2.96018	2149.51788	2111.01261	166.24542	86.31920	1385.78807	327.51651	145.14340
2.94807	2133.08702	2085.41923	167.56249	87.40503	1364.71225	322.41105	143.32840
2.93597	2108.11259	2059.69329	168.89508	88.51135	1343.37703	317.37502	141.53482
2.92386	2073.13099	2033.87678	170.24341	89.63865	1321.82436	312.40799	139.76237
2.91176	2040.69933	2008.01044	171.60774	90.78742	1300.09498	307.50954	138.01077
2.89965	2010.39520	1982.13365	172.98831	91.95818	1278.22825	302.67918	136.27973
2.88755	1997.85657	1956.28429	174.38539	93.15144	1256.26205	297.91643	134.56899
2.87544	1967.87843	1930.49866	175.79922	94.36773	1234.23266	293.22077	132.87827
2.86334	1949.31958	1904.81139	177.23009	95.60761	1212.17473	288.59165	131.20732
2.85123	1909.35880	1879.25540	178.67825	96.87162	1190.12117	284.02850	129.55586
2.83913	1878.11075	1853.86184	180.14399	98.16035	1168.10312	279.53074	127.92365
2.82702	1849.68699	1828.66009	181.62758	99.47438	1146.14995	275.09776	126.31042
2.81492	1829.25967	1803.67772	183.12931	100.81432	1124.28920	270.72895	124.71594
2.80281	1806.20413	1778.94051	184.64948	102.18077	1102.54664	266.42366	123.13996
2.79071	1778.11231	1754.47244	186.18838	103.57436	1080.94622	262.18126	121.58222
2.77860	1745.12486	1730.29578	187.74632	104.99574	1059.51013	258.00108	120.04251
2.76650	1717.05417	1706.43102	189.32361	106.44556	1038.25883	253.88244	118.52058
2.75440	1685.02694	1682.89701	190.92056	107.92450	1017.21108	249.82468	117.01620
2.74229	1661.90246	1659.71096	192.53750	109.43324	996.38399	245.82709	115.52915
2.73019	1638.65419	1636.88850	194.17475	110.97247	975.79308	241.88899	114.05920
2.71808	1617.66952	1614.44373	195.83266	112.54292	955.45234	238.00967	112.60614
2.70598	1591.05414	1592.38932	197.51157	114.14530	935.37429	234.18842	111.16974
2.69387	1560.21538	1570.73654	199.21182	115.78036	915.57002	230.42454	109.74980
2.68177	1535.13847	1549.49535	200.93378	117.44885	896.04931	226.71731	108.34610
2.66966	1509.11223	1528.67446	202.67781	119.15154	876.82066	223.06601	106.95844
2.65756	1485.40467	1508.28138	204.44428	120.88921	857.89135	219.46993	105.58661
2.64545	1466.91652	1488.32253	206.23358	122.66264	839.26756	215.92834	104.23041
2.63335	1446.20596	1468.80329	208.04608	124.47265	820.95438	212.44053	102.88965
2.62124	1424.14668	1449.72807	209.88220	126.32004	802.95591	209.00578	101.56413
2.60914	1397.99140	1431.10035	211.74232	128.20564	785.27535	205.62338	100.25366
2.59703	1375.07234	1412.92278	213.62688	130.13027	767.91498	202.29260	98.95806
2.58493	1353.08336	1395.19726	215.53628	132.09478	750.87634	199.01273	97.67712
2.57282	1337.57619	1377.92491	217.47096	134.10002	734.16019	195.78307	96.41068
2.56072	1324.35512	1361.10625	219.43136	136.14682	717.76661	192.60290	95.15856
2.54861	1305.15833	1344.74115	221.41794	138.23605	701.69508	189.47152	93.92056
2.53651	1284.45440	1328.82895	223.43114	140.36857	685.94448	186.38824	92.69652
2.52440	1264.12629	1313.36846	225.47145	142.54521	670.51317	183.35235	91.48627
2.51230	1245.24596	1298.35806	227.53935	144.76685	655.39906	180.36317	90.28964
2.50019	1230.65097	1283.79567	229.63533	147.03431	640.59959	177.42000	89.10645
2.48809	1222.55466	1269.67888	231.75989	149.34844	626.11185	174.52217	87.93654
2.47598	1217.64796	1256.00491	233.91354	151.71007	611.93256	171.66900	86.77974
2.46388	1202.56637	1242.77068	236.09683	154.12000	598.05813	168.85982	85.63590
2.45177	1187.04004	1229.97284	238.31029	156.57902	584.48471	166.09396	84.50486
2.43967	1174.14716	1217.60779	240.55447	159.08792	571.20820	163.37075	83.38645
2.42756	1159.54552	1205.67172	242.82995	161.64742	558.22427	160.68955	82.28052
2.41545	1150.15206	1194.16060	245.13732	164.25824	545.52842	158.04969	81.18692
2.40335	1144.46188	1183.07025	247.47718	166.92106	533.11599	155.45054	80.10548
2.39124	1138.49342	1172.39631	249.85014	169.63651	520.98215	152.89145	79.03606
2.37913	1127.72675	1162.13429	252.25685	172.40517	509.12200	150.37178	77.97850
2.36702	1117.72484	1152.27957	254.69797	175.22757	497.53050	147.89088	76.93265
2.35491	1111.52917	1142.82741	257.17419	178.10418	486.20255	145.44814	75.89835
2.34280	1102.86904	1133.77295	259.68621	181.03540	475.13296	143.04292	74.87546
2.33069	1100.03348	1125.11123	262.23477	184.02155	464.31651	140.67459	73.86382
2.31857	1096.36120	1116.83721	264.82063	187.06288	453.74792	138.34252	72.86327
2.30646	1092.77213	1108.94574	267.44459	190.15953	443.42187	136.04608	71.87367
2.29434	1089.66753	1101.43156	270.10749	193.31156	433.33304	133.78464	70.89483
2.28221	1080.50019	1094.28935	272.81020	196.51889	423.47607	131.55758	69.92662
2.27009	1074.03574	1087.51368	275.55365	199.78134	413.84559	129.36425	68.96885
2.25796	1073.04371	1081.09902	278.33881	203.09860	404.43623	127.20401	68.02137
2.24582	1069.90241	1075.03975	281.16672	206.47021	395.24261	125.07622	67.08398
2.23368	1069.37567	1069.33012	284.03848	209.89557	386.25933	122.98022	66.15652
2.22153	1067.42668	1063.96432	286.95525	213.37391	377.48103	120.91534	65.23879
2.20937	1066.48274	1058.93637	289.91829	216.90426	368.90230	118.88092	64.33060
2.19720	1060.20879	1054.24021	292.92895	220.48550	360.51778	116.87625	63.43173
2.18502	1056.77185	1049.86964	295.98868	224.11628	352.32207	114.90064	62.54199
2.17282	1056.37967	1045.81833	299.09904	227.79502	344.30978	112.95336	61.66113
2.16061	1055.58264	1042.07979	302.26175	231.51992	336.47553	111.03367	60.78891
2.14838	1054.19492	1038.64741	305.47865	235.28892	328.81393	109.14082	59.92510
2.13613	1056.71094	1035.51441	308.75174	239.09965	321.31958	107.27403	59.06941
2.12385	1046.72200	1032.67384	312.08322	242.94946	313.98710	105.43248	58.22158
2.11155	1046.54676	1030.11859	315.47549	246.83536	306.81109	103.61535	57.38130
2.09921	1042.72006	1027.84134	318.93117	250.75397	299.78616	101.82179	56.54825
2.08684	1043.58546	1025.83459	322.45311	254.70151	292.90693	100.05092	55.72212
2.07442	1042.63631	1024.09059	326.04445	258.67373	286.16802	98.30184	54.90255
2.06195	1045.29471	1022.60136	329.70863	262.66587	279.56408	96.57362	54.08917
2.04944	1040.87338	1021.35866	333.44938	266.67258	273.08977	94.86532	53.28161
2.03686	1039.37108	1020.35393	337.27081	270.68787	266.73982	93.17596	52.47947
2.02421	1035.82967	1019.57824	341.17738	274.70499	260.50898	91.50456	51.68233
2.01149	1035.46041	1019.02230	345.17396	278.71636	254.39209	89.85011	50.88977
1.99869	1032.39378	1018.67632	349.26585	282.71342	248.38408	88.21162	50.10135
1.98580	1035.18251	1018.53000	353.45880	286.68654	242.47996	86.58807	49.31662
1.97280	1034.90857	1018.57240	357.75903	290.62485	236.67492	84.97846	48.53514
1.95970	1033.21574	1018.79186	362.17326	294.51609	230.96428	83.38178	47.75644
1.94647	1028.65121	1019.17591	366.70872	298.34645	225.34358	81.79708	46.98008
1.93312	1029.27120	1019.71112	371.37318	302.10034	219.80856	80.22341	46.20562
1.91962	1027.84233	1020.38300	376.17494	305.76030	214.35525	78.65989	45.43262
1.90598	1026.25093	1021.17585	381.12282	309.30670	208.97997	77.10567	44.66068
1.89217	1030.02532	1022.07266	386.22621	312.71767	203.67935	75.55999	43.88943
1.87819	1028.80035	1023.05501	391.49499	315.96888	198.45044	74.02218	43.11851
1.86403	1025.15898	1024.10298	396.93956	319.03347	193.29066	72.49165	42.34764
1.84968	1024.17805	1025.19512	402.57076	321.88196	188.19790	70.96794	41.57655
1.83512	1022.65954	1026.30847	408.39986	324.48232	183.17050	69.45071	40.80508
1.82036	1022.16318	1027.41871	414.43846	326.80004	178.20733	67.93978	40.03310
1.80538	1022.89152	1028.50035	420.69845	328.79844	173.30779	66.43509	39.26058
1.79018	1024.42106	1029.52706	427.19188	330.43901	168.47180	64.93680	38.48756
1.77476	1022.81550	1030.47219	433.93086	331.68206	163.69986	63.44521	37.71420
1.75910	1021.87371	1031.30943	440.92737	332.48746	158.99302	61.96083	36.94074
1.74322	1021.77698	1032.01359	448.19319	332.81563	154.35288	60.48436	36.16754
1.72712	1021.83275	1032.56164	455.73960	332.62869	149.78159	59.01669	35.39507
1.71080	1022.28684	1032.93375	463.57722	331.89188	145.28181	57.55894	34.62390
1.69427	1023.99365	1033.11459	471.71576	330.57502	140.85667	56.11238	33.85475
1.67753	1020.55880	1033.09447	480.16370	328.65406	136.50976	54.67852	33.08843
1.66062	1020.99500	1032.87062	488.92803	326.11268	132.24502	53.25902	32.32587
1.64353	1024.28214	1032.44816	498.01387	322.94371	128.06676	51.85571	31.56811
1.62631	1023.30538	1031.84087	507.42410	319.15035	123.97951	50.47060	30.81632
1.60896	1020.93410	1031.07161	517.15901	314.74710	119.98801	49.10578	30.07172
1.59153	1024.94292	1030.17225	527.21582	309.76016	116.09711	47.76351	29.33565
1.57404	1024.56202	1029.18302	537.58834	304.22741	112.31169	46.44608	28.60951
1.55654	1023.83214	1028.15146	548.26644	298.19781	108.63659	45.15587	27.89476
1.53906	1026.14115	1027.13068	559.23570	291.73027	105.07653	43.89528	27.19290
1.52164	1027.33020	1026.17724	570.47697	284.89206	101.63605	42.66668	26.50547
1.50434	1028.05969	1025.34870	581.96606	277.75679	98.31940	41.47245	25.83400
1.48721	1027.94922	1024.70099	593.67335	270.40220	95.13055	40.31488	25.18001
1.47030	1027.28878	1024.28570	605.56364	262.90783	92.07304	39.19617	24.54502
1.45365	1032.77341	1024.14761	617.59601	255.35270	89.15004	38.11841	23.93046
1.43734	1031.28446	1024.32247	629.72381	247.81321	86.36419	37.08353	23.33773
1.42140	1033.33917	1024.83530	641.89486	240.36131	83.71769	36.09331	22.76813
1.40591	1035.17139	1025.69918	654.05175	233.06304	81.21219	35.14933	22.22287
1.39092	1035.13153	1026.91463	666.13239	225.97743	78.84879	34.25297	21.70305
1.37647	1035.14375	1028.46964	678.07073	219.15583	76.62807	33.40538	21.20963
1.36262	1039.76695	1030.34028	689.79770	212.64160	74.55005	32.60748	20.74345
1.34943	1040.14380	1032.49181	701.24239	206.47010	72.61420	31.85993	20.30519
1.33693	1044.15482	1034.88025	712.33334	200.66892	70.81944	31.16317	19.89537
1.32516	1043.87433	1037.45433	723.00007	195.25838	69.16416	30.51735	19.51437
1.31416	1047.51375	1040.15767	733.17468	190.25202	67.64622	29.92237	19.16237
1.30395	1048.09179	1042.93112	742.79358	185.65732	66.26296	29.37787	18.83939
1.29456	1049.01502	1045.71508	751.79914	181.47627	65.01120	28.88320	18.54527
1.28601	1051.39291	1048.45184	760.14141	177.70606	63.88724	28.43746	18.27966
1.27829	1053.95126	1051.08766	767.77961	174.33964	62.88690	28.03947	18.04205
1.27140	1057.04836	1053.57467	774.68350	171.36621	62.00546	27.68779	17.83171
1.26534	1056.12558	1055.87235	780.83450	168.77171	61.23769	27.38069	17.64776
1.26008	1058.83056	1057.94874	786.22646	166.53914	60.57784	27.11619	17.48911
1.25559	1053.61915	1059.78120	790.86618	164.64886	60.01965	26.89202	17.35449
1.25184	1056.27743	1061.35673	794.77349	163.07883	59.55630	26.70564	17.24246
1.24878	1049.48391	1062.67189	797.98104	161.80475	59.18044	26.55426	17.15140
1.24636	1056.41995	1063.73245	800.53371	160.80024	58.88418	26.43481	17.07950
1.24451	1061.22777	1064.55255	802.48778	160.03690	58.65909	26.34399	17.02480
1.24317	1060.62250	1065.15378	803.90971	159.48447	58.49620	26.27822	16.98518
1.24226	1058.65205	1065.56401	804.87486	159.11096	58.38608	26.23374	16.95837
1.24171	1056.76042	1065.81611	805.46599	158.88278	58.31880	26.20656	16.94199
1.24142	1055.59104	1065.94674	805.77168	158.76494	58.28406	26.19252	16.93352
1.24132	1055.12643	1065.99513	805.88482	158.72136	58.27121	26.18733	16.93039
1.24130	1055.05852	1066.00206	805.90102	158.71513	58.26937	26.18659	16.92995
