[6,10]10
eV
e1e2
6.4754	1.3012491	3.10219971
6.422	1.25143655	3.09474849
6.3694	1.23520808	3.10957343
6.3177	1.24412356	3.14060986
6.2668	1.2704705	3.18232049
6.2167	1.30721011	3.22965557
6.1674	1.34391762	3.27268047
6.1189	1.38095448	3.31771295
6.0711	1.41617041	3.35115208
6.0241	1.43808951	3.40279076
5.9778	1.47368347	3.43462896
5.9321	1.50895421	3.47116099
5.8872	1.54206138	3.49784549
5.843	1.57546997	3.51501395
5.7994	1.60583693	3.52238257
5.7564	1.64692959	3.52606871
5.7141	1.69378275	3.53276823
5.6724	1.72626804	3.53657739
5.6313	1.75127864	3.535518
5.5908	1.77467169	3.52243764
5.5508	1.80664937	3.52760716
5.5115	1.84540493	3.54545386
5.4726	1.87693588	3.5501599
5.4343	1.90680353	3.56496629
5.3966	1.94014979	3.57387808
5.3594	1.96467773	3.57378594
5.3226	1.97420327	3.56873668
5.2864	1.97769771	3.55877908
5.2507	1.98368363	3.54581838
5.2154	1.99268324	3.5352951
5.1806	2.00785505	3.54002926
5.1462	2.02619735	3.54271382
5.1124	2.04276243	3.5482746
5.0789	2.04319516	3.54476646
5.0459	2.05916217	3.55186263
5.0133	2.06918736	3.55079185
4.9811	2.07607196	3.56021052
4.9494	2.07535259	3.56167305
4.918	2.07989959	3.57213613
4.887	2.09260103	3.58956235
4.8564	2.09826848	3.59913196
4.8262	2.10768689	3.60482918
4.7964	2.11929011	3.61615874
4.7669	2.13589578	3.6246513
4.7378	2.14363621	3.62533915
4.7091	2.15390232	3.64648267
4.6806	2.14998213	3.66528706
4.6526	2.14553487	3.6846294
4.6248	2.14889216	3.69556446
4.5974	2.14397334	3.69867459
4.5703	2.1370541	3.69403522
4.5435	2.1413349	3.71234052
4.5171	2.15265791	3.72504091
4.4909	2.15266693	3.74985933
4.465	2.16712381	3.77633583
4.4395	2.16392132	3.79423515
4.4142	2.1545385	3.81475198
4.3892	2.16659533	3.84685066
4.3645	2.17700135	3.8677787
4.3401	2.18786198	3.8960411
4.3159	2.20864339	3.91502346
4.292	2.22037932	3.93768548
4.2684	2.23703155	3.96018362
4.245	2.24623273	3.97665767
4.2219	2.2523056	4.00175503
4.199	2.25831918	4.02629349
4.1763	2.293936	4.05962312
4.154	2.30402882	4.07921234
4.1318	2.30979213	4.09879281
4.1099	2.31838531	4.11511601
4.0882	2.32759955	4.12801912
4.0667	2.34373302	4.14455262
4.0455	2.35986852	4.18212706
4.0245	2.36815169	4.21462172
4.0037	2.38013627	4.23843937
3.9831	2.38911181	4.25769829
3.9627	2.39019376	4.27269446
3.9425	2.40628407	4.30809897
3.9226	2.41199811	4.31845506
3.9028	2.4411341	4.34182758
3.8832	2.47458022	4.38195335
3.8639	2.50629526	4.40372629
3.8447	2.52438421	4.42692378
3.8257	2.53549197	4.43563372
3.8069	2.54217947	4.44228035
3.7883	2.54914573	4.4614327
3.7698	2.56231749	4.49588667
3.7515	2.56820735	4.51418914
3.7335	2.58605303	4.54088829
3.7155	2.60762835	4.57298496
3.6978	2.62932567	4.58400347
3.6802	2.63814182	4.60453719
3.6628	2.6617461	4.60416684
3.6455	2.67899891	4.63548324
3.6285	2.68849391	4.66385027
3.6115	2.70625806	4.69195072
3.5948	2.73251424	4.72461853
3.5781	2.76272335	4.7552708
3.5617	2.77694531	4.80473825
3.5454	2.80982364	4.82864829
3.5292	2.82710331	4.83976856
3.5132	2.84692128	4.85051326
3.4973	2.8906885	4.8906859
3.4816	2.91884788	4.90608131
3.466	2.94775096	4.93748218
3.4505	2.98054557	4.95109007
3.4352	3.00528092	4.97581644
3.42	3.01418161	5.02049274
3.405	3.05381693	5.03327372
3.39	3.09407332	5.05907842
3.3753	3.15331242	5.09540481
3.3606	3.22568447	5.12834628
3.3461	3.29090654	5.14550226
3.3317	3.34514143	5.15942475
3.3174	3.37667093	5.16847555
3.3032	3.38920524	5.16529896
3.2892	3.41978941	5.17777255
3.2752	3.44619984	5.17004522
3.2614	3.4589292	5.17581694
3.2477	3.49711343	5.18166179
3.2342	3.54943891	5.20431092
3.2207	3.62071142	5.22364154
3.2073	3.66548493	5.23788709
3.1941	3.69550043	5.24965698
3.181	3.7350406	5.24979795
3.1679	3.79741416	5.24904919
3.155	3.84592438	5.24246812
3.1422	3.87260944	5.23522889
3.1295	3.90130301	5.24378946
3.1169	3.93532211	5.24855754
3.1044	3.97256402	5.26138301
3.092	4.01585501	5.25152144
3.0796	4.05594419	5.2391529
3.0674	4.10885121	5.22411289
3.0553	4.16647474	5.23772083
3.0433	4.21014422	5.23260644
3.0314	4.24472768	5.2172644
3.0195	4.28985061	5.20101155
3.0078	4.31834807	5.17171338
2.9961	4.34955101	5.14713144
2.9846	4.3760105	5.12075083
2.9731	4.40052275	5.11338259
2.9617	4.43572576	5.09117529
2.9504	4.47297164	5.08641421
2.9392	4.50118686	5.05259283
2.9281	4.54538984	5.0292288
2.917	4.58250241	4.99343711
2.9061	4.62075255	4.97420459
2.8952	4.65647573	4.94586301
2.8844	4.68123617	4.92836856
2.8737	4.70771759	4.89461417
2.863	4.73349064	4.84867443
2.8525	4.75974138	4.82491631
2.842	4.78953186	4.79349405
2.8316	4.80169007	4.76704834
2.8213	4.82248997	4.73663898
2.811	4.83353078	4.7115012
2.8008	4.84487199	4.68505182
2.7907	4.85966474	4.65643203
2.7807	4.88387262	4.61213303
2.7707	4.91205813	4.56888746
2.7608	4.93851724	4.53509561
2.751	4.96166059	4.5026994
2.7413	4.96314858	4.46941854
2.7316	4.97023822	4.43739852
2.722	4.96125057	4.4097829
2.7124	4.95277932	4.37835601
2.7029	4.96503934	4.34869496
2.6935	4.96873626	4.31111292
2.6842	4.97248582	4.28029453
2.6749	4.9780224	4.238037
2.6657	4.98654	4.20704915
2.6565	4.98312583	4.17818613
2.6474	4.98273043	4.1559917
2.6384	4.97668679	4.12808176
2.6294	4.97540424	4.108398
2.6205	4.97814217	4.07833632
2.6117	4.97591711	4.04910144
2.6029	4.97486863	4.02346907
2.5942	4.97319021	3.98984706
2.5855	4.96847188	3.97261755
2.5769	4.94535119	3.94434984
2.5683	4.92831743	3.91098229
2.5598	4.91024991	3.88628126
2.5514	4.8953866	3.86474566
2.543	4.88198604	3.8469998
2.5347	4.8725369	3.82927603
2.5264	4.87107499	3.8045122
2.5182	4.86940679	3.78997435
2.51	4.86034842	3.76764226
2.5019	4.84733542	3.74336327
2.4938	4.83639555	3.72401682
2.4858	4.81593295	3.70078869
2.4778	4.79496285	3.68996796
2.4699	4.77600372	3.67681837
2.4621	4.76030783	3.66058937
2.4543	4.74956687	3.64709864
2.4465	4.73300404	3.64082629
2.4388	4.71784174	3.62605881
2.4311	4.70426235	3.61160673
2.4235	4.68931257	3.59928075
2.416	4.66886905	3.58553363
2.4084	4.64803881	3.57056627
2.401	4.62380053	3.56050527
2.3935	4.60070057	3.54988814
2.3862	4.58712883	3.54486308
2.3788	4.57784503	3.54268465
2.3715	4.56390577	3.53549709
2.3643	4.55341142	3.52716918
2.3571	4.53493906	3.5210699
2.3499	4.51854832	3.51213301
2.3428	4.49974982	3.50549707
2.3358	4.47768183	3.4987375
2.3287	4.46119218	3.49322419
2.3218	4.44117924	3.48936683
2.3148	4.42444614	3.48773833
2.3079	4.41408759	3.4860031
2.3011	4.39923751	3.48463381
2.2942	4.37998454	3.47949065
2.2875	4.36442385	3.47650408
2.2807	4.34438978	3.475426
2.274	4.33094034	3.47665284
2.2674	4.317947	3.47889859
2.2608	4.30329426	3.48001689
2.2542	4.28200123	3.4758384
2.2476	4.27152962	3.48407325
2.2411	4.25397357	3.48430605
2.2347	4.24173084	3.48930786
2.2282	4.22679845	3.49277665
2.2218	4.21059917	3.49293668
2.2155	4.19752107	3.49533907
2.2092	4.18263599	3.4914352
2.2029	4.16783124	3.48506815
2.1966	4.15208813	3.48258369
2.1904	4.13782108	3.48589153
2.1843	4.12572647	3.49428333
2.1781	4.11281027	3.50526496
2.172	4.10294985	3.51250657
2.1659	4.0901961	3.51244922
2.1599	4.07623361	3.51432892
2.1539	4.06757671	3.51961262
2.1479	4.06259855	3.53007048
2.142	4.04576034	3.52841777
2.1361	4.03317756	3.53029105
2.1302	4.02044223	3.53467941
2.1244	4.01070862	3.53527559
2.1186	3.99458336	3.53315539
2.1128	3.97960474	3.53079884
2.1071	3.9683388	3.54034029
2.1014	3.96127319	3.54988076
2.0957	3.95323806	3.55814752
2.09	3.94314857	3.56000402
2.0844	3.9332226	3.56538824
2.0788	3.91893893	3.56738695
2.0733	3.90933606	3.57431493
2.0677	3.9036497	3.58564669
2.0622	3.89503489	3.59177074
2.0568	3.8885431	3.59743788
2.0513	3.88019433	3.60153243
2.0459	3.87270373	3.60835644
2.0406	3.85685053	3.61140608
2.0352	3.84287071	3.61263076
2.0299	3.83061074	3.6190174
2.0246	3.82155228	3.62886378
2.0193	3.81547493	3.63426572
2.0141	3.80832725	3.63883085
2.0089	3.80223004	3.6464728
2.0037	3.79392507	3.65213664
1.9985	3.78656733	3.65449656
1.9934	3.7723492	3.65607725
1.9883	3.76002995	3.65531721
1.9832	3.74598758	3.65602389
1.9781	3.73588057	3.66385403
1.9731	3.72809941	3.67485801
1.9681	3.71714333	3.6815273
1.9631	3.71064449	3.68880674
1.9582	3.70680756	3.69515857
1.9533	3.7049649	3.70384023
1.9484	3.69771378	3.71138348
1.9435	3.69118533	3.7192546
1.9386	3.68113692	3.72709779
1.9338	3.67292556	3.73147604
1.929	3.65812295	3.73948582
1.9242	3.64368459	3.74400806
1.9195	3.63525399	3.74472648
1.9148	3.62858499	3.74658469
1.9101	3.61959607	3.74942367
1.9054	3.6103561	3.75460078
1.9007	3.60054211	3.76937088
1.8961	3.5856732	3.78443467
1.8915	3.57354526	3.79387307
1.8869	3.56598155	3.79990209
1.8823	3.56012418	3.80495441
1.8778	3.56089748	3.80411072
1.8732	3.55909704	3.80534652
1.8687	3.55032654	3.8048438
1.8643	3.54351502	3.80824832
1.8598	3.53750981	3.81502257
1.8554	3.52795607	3.82021425
1.851	3.51619838	3.8192095
1.8466	3.50902287	3.82253053
1.8422	3.5014078	3.83383644
1.8378	3.49237571	3.84402827
1.8335	3.48505865	3.85098388
1.8292	3.47504032	3.8627732
1.8249	3.47155717	3.87776313
1.8206	3.4638341	3.88065472
1.8164	3.45676742	3.88500127
1.8122	3.45130374	3.89078905
1.808	3.4475942	3.89630503
1.8038	3.44268005	3.90364308
1.7996	3.43440865	3.90845028
1.7955	3.42737923	3.91295013
1.7913	3.42023615	3.91466171
1.7872	3.41214781	3.91499669
1.7831	3.40232478	3.9178506
1.7791	3.38998639	3.92039213
1.775	3.38040599	3.92852116
1.771	3.37627013	3.93921382
1.767	3.36657946	3.94707292
1.763	3.36072112	3.95502719
1.759	3.35515717	3.96542629
1.755	3.34583081	3.97274803
1.7511	3.33658668	3.97845603
1.7472	3.33167504	3.98572996
1.7432	3.32505005	3.99132169
1.7394	3.3178737	3.99719946
1.7355	3.3099345	4.00021771
1.7316	3.30389424	4.00739316
1.7278	3.29647061	4.00896207
1.724	3.29369476	4.01666844
1.7202	3.28674865	4.02272738
1.7164	3.28111833	4.02991158
1.7126	3.27909658	4.04438488
1.7089	3.2718638	4.05242022
1.7051	3.26396975	4.05792773
1.7014	3.25721347	4.06800414
1.6977	3.24655545	4.07575762
1.694	3.23822467	4.08357235
1.6904	3.23126521	4.0913323
1.6867	3.22834474	4.10116052
1.6831	3.22576388	4.11442214
1.6795	3.21443476	4.11810976
1.6759	3.21198923	4.12681097
1.6723	3.20011221	4.13423781
1.6687	3.18565682	4.13946817
1.6652	3.17204554	4.13575562
1.6616	3.16304821	4.13864948
1.6581	3.15338952	4.14270736
1.6546	3.14792801	4.1515555
1.6511	3.14475652	4.16167284
1.6476	3.14164692	4.17175074
1.6441	3.13761566	4.18482472
1.6407	3.12391335	4.18646263
1.6373	3.11624576	4.19425777
1.6338	3.1143701	4.19576108
1.6304	3.1128766	4.205968
1.627	3.10472285	4.20933942
1.6237	3.09175755	4.20984658
1.6203	3.08594334	4.21344618
1.617	3.07442946	4.21324965
1.6136	3.05973286	4.22243068
1.6103	3.0511505	4.23334944
1.607	3.04715088	4.24343089
1.6037	3.04750734	4.25739375
1.6004	3.04763094	4.27329557
1.5972	3.03993311	4.27875742
1.5939	3.03242672	4.28258254
1.5907	3.0240866	4.28864124
1.5875	3.00967222	4.28528679
1.5842	2.99906953	4.29648005
1.581	2.99151446	4.30266745
1.5779	2.98676119	4.31276349
1.5747	2.9837193	4.32376355
1.5715	2.97232507	4.32693435
1.5684	2.96449316	4.3367559
1.5653	2.95948251	4.3388453
1.5621	2.95072962	4.34479262
1.559	2.93980222	4.35148664
1.5559	2.92500803	4.36102931
1.5529	2.91738096	4.36904067
1.5498	2.91126049	4.37716418
1.5467	2.90934703	4.38186177
1.5437	2.90364519	4.38561301
1.5407	2.90220007	4.39558565
1.5377	2.89739326	4.3969919
1.5346	2.8904562	4.40499873
1.5317	2.88584511	4.41446375
1.5287	2.877717	4.42189272
1.5257	2.87026837	4.42828914
1.5227	2.86384544	4.43582527
1.5198	2.85610889	4.43880802
1.5169	2.8421014	4.44191167
1.5139	2.83694732	4.4560953
1.511	2.82622791	4.45167652
1.5081	2.82126223	4.4555221
1.5052	2.81406516	4.46318847
1.5024	2.79777719	4.46979855
1.4995	2.78729587	4.4830975
1.4966	2.7758144	4.48538376
1.4938	2.76492974	4.49695871
1.491	2.75965661	4.50882138
1.4882	2.75353468	4.5215368
1.4853	2.74287954	4.52918
1.4825	2.73646556	4.54062408
1.4798	2.72463404	4.54474114
1.477	2.72249897	4.55067194
1.4742	2.71768492	4.55396539
1.4715	2.71032565	4.55827471
1.4687	2.70128009	4.56204148
1.466	2.69731695	4.57359317
1.4633	2.68654153	4.57621194
1.4605	2.67395109	4.57691367
1.4578	2.67333646	4.58472072
1.4552	2.66715533	4.58709197
1.4525	2.66502873	4.60066631
1.4498	2.66065695	4.61852978
1.4471	2.6484298	4.62383137
1.4445	2.64305461	4.63224979
1.4418	2.63912352	4.65001322
1.4392	2.63245577	4.65446312
1.4366	2.63014594	4.66264934
1.434	2.62517433	4.66954661
1.4314	2.61744279	4.67838332
1.4288	2.60738957	4.68975623
1.4262	2.59757722	4.69233713
1.4236	2.58507781	4.68682033
1.4211	2.57507705	4.69764241
1.4185	2.56349062	4.69966556
1.416	2.55707266	4.71217323
1.4134	2.55189328	4.72373878
1.4109	2.54350195	4.7405316
1.4084	2.53933422	4.75658914
1.4059	2.53611605	4.77704871
1.4034	2.52334695	4.77457456
1.4009	2.50424211	4.77035566
1.3984	2.4897999	4.77135837
1.396	2.47703548	4.77118698
1.3935	2.46747741	4.783217
1.3911	2.46102207	4.78952816
1.3886	2.45300671	4.79739376
1.3862	2.44989433	4.80523346
1.3838	2.44509046	4.81322498
1.3814	2.43204078	4.81123879
1.3789	2.42333418	4.82421625
1.3765	2.41360904	4.83448967
1.3742	2.4074344	4.84810347
1.3718	2.40406097	4.85158504
1.3694	2.39333413	4.85614002
1.367	2.39102115	4.86484404
1.3647	2.38977368	4.86698974
1.3623	2.38471335	4.87475314
1.36	2.37272723	4.88078718
1.3577	2.3670949	4.89270279
1.3554	2.35746215	4.90436726
1.353	2.34886995	4.91227719
1.3507	2.33667785	4.91780859
1.3484	2.32482106	4.92792453
1.3462	2.32033354	4.94054189
1.3439	2.31371269	4.9536462
1.3416	2.30137372	4.95222847
1.3393	2.29237733	4.95211963
1.3371	2.28890713	4.95579083
1.3348	2.26990057	4.95450446
1.3326	2.25419443	4.9408523
1.3304	2.25540829	4.94976174
1.3281	2.24982765	4.96699258
1.3259	2.24637385	4.98134589
1.3237	2.24650367	5.0016296
1.3215	2.23951523	5.00953865
1.3193	2.22808559	5.02344005
1.3171	2.21558364	5.01794628
1.315	2.1956732	5.0322867
1.3128	2.19006642	5.04260411
1.3106	2.17249887	5.05058092
1.3085	2.15201631	5.0625247
1.3063	2.14745419	5.08701733
1.3042	2.1338965	5.10598601
1.3021	2.12244766	5.1036976
1.2999	2.10625202	5.10611604
1.2978	2.10474487	5.1190018
1.2957	2.09542332	5.12432944
1.2936	2.08280757	5.11384444
1.2915	2.07560722	5.1161163
1.2894	2.0610985	5.1102686
1.2873	2.04906924	5.11438943
1.2853	2.04116258	5.12847871
1.2832	2.03749679	5.14078156
1.2811	2.04387295	5.15652984
1.2791	2.04065556	5.16793283
1.277	2.0340398	5.17974834
1.275	2.02336619	5.19878453
1.273	2.01064711	5.20788407
1.2709	1.99765819	5.21618708
1.2689	1.98937198	5.21682387
1.2669	1.98250124	5.2258832
1.2649	1.98144562	5.23215189
1.2629	1.976435	5.23567864
1.2609	1.95912835	5.24935997
1.2589	1.94085483	5.2540726
1.2569	1.92662602	5.25205424
1.255	1.91170574	5.24717798
1.253	1.90676266	5.25496929
1.251	1.90074823	5.26629943
1.2491	1.89394562	5.26586342
1.2471	1.89047042	5.27681773
1.2452	1.88254023	5.29219846
1.2433	1.86719599	5.31263263
1.2413	1.84156038	5.33869458