[6,12]_10
eV
e1e2
6.4754	1.33694901	3.09261888
6.422	1.33465341	3.164058
6.3694	1.35324309	3.2308836
6.3177	1.38565257	3.29217106
6.2668	1.42544255	3.34709529
6.2167	1.46675198	3.394921
6.1674	1.48948844	3.43384707
6.1189	1.53228784	3.46105485
6.0711	1.56459846	3.49324546
6.0241	1.57714806	3.51490083
5.9778	1.60430577	3.51310572
5.9321	1.63470632	3.53178485
5.8872	1.67381485	3.55000118
5.843	1.70659675	3.57217135
5.7994	1.73719045	3.60278835
5.7564	1.77094223	3.60943682
5.7141	1.79902254	3.62273339
5.6724	1.83425478	3.62829758
5.6313	1.85580028	3.62971567
5.5908	1.87813654	3.63048743
5.5508	1.90046049	3.62721832
5.5115	1.92330912	3.62536785
5.4726	1.94495844	3.62028023
5.4343	1.97753686	3.62119303
5.3966	2.00806057	3.6196684
5.3594	2.03666321	3.61639633
5.3226	2.05017957	3.60765237
5.2864	2.05645435	3.59883951
5.2507	2.07677748	3.60131593
5.2154	2.08577524	3.60360356
5.1806	2.09009666	3.60843361
5.1462	2.10363219	3.61281624
5.1124	2.12308738	3.61582437
5.0789	2.13882689	3.61356189
5.0459	2.14938999	3.61261006
5.0133	2.15293888	3.61019364
4.9811	2.15380735	3.61195654
4.9494	2.1528087	3.60864584
4.918	2.14950599	3.61939455
4.887	2.15721716	3.63232684
4.8564	2.17231033	3.65372182
4.8262	2.17670097	3.66790564
4.7964	2.17514465	3.68857124
4.7669	2.15850276	3.69999519
4.7378	2.16864217	3.72068847
4.7091	2.17137143	3.7194406
4.6806	2.18533333	3.72697572
4.6526	2.18639998	3.73963183
4.6248	2.20164725	3.75848866
4.5974	2.20136658	3.77190897
4.5703	2.20490752	3.80053796
4.5435	2.21306531	3.83548016
4.5171	2.22618605	3.8663724
4.4909	2.24875144	3.87571279
4.465	2.26743663	3.90148702
4.4395	2.26519531	3.92404236
4.4142	2.26893687	3.94597202
4.3892	2.27494287	3.96798729
4.3645	2.28657312	3.99814704
4.3401	2.29914521	4.02760444
4.3159	2.30837105	4.05282917
4.292	2.31029845	4.07029254
4.2684	2.31528475	4.07701328
4.245	2.31312688	4.08075365
4.2219	2.31357347	4.09998092
4.199	2.32776901	4.11933118
4.1763	2.36549193	4.14248679
4.154	2.40257792	4.1860166
4.1318	2.41670087	4.21858395
4.1099	2.42942806	4.25923544
4.0882	2.43865466	4.27870365
4.0667	2.45218201	4.30051948
4.0455	2.46233639	4.31427345
4.0245	2.47354838	4.32489466
4.0037	2.5026961	4.34267001
3.9831	2.51191011	4.35178263
3.9627	2.51894271	4.37625284
3.9425	2.52423083	4.41768508
3.9226	2.54437388	4.45067034
3.9028	2.56483728	4.46819683
3.8832	2.591796	4.4902527
3.8639	2.61707213	4.51371658
3.8447	2.63038883	4.53175944
3.8257	2.63930649	4.55996285
3.8069	2.65517254	4.57261117
3.7883	2.65615898	4.59710489
3.7698	2.6734102	4.60785367
3.7515	2.68485438	4.61921914
3.7335	2.73016006	4.65246194
3.7155	2.76426087	4.67754068
3.6978	2.79475587	4.69671019
3.6802	2.80901627	4.70709591
3.6628	2.80072634	4.71781755
3.6455	2.7997703	4.73145607
3.6285	2.81582725	4.76752237
3.6115	2.83570724	4.80143972
3.5948	2.86792582	4.83464579
3.5781	2.88859137	4.87346134
3.5617	2.91274745	4.90260477
3.5454	2.94535653	4.93936027
3.5292	2.95612416	4.96537338
3.5132	2.99472854	4.97771997
3.4973	3.0152274	4.99915019
3.4816	3.03760586	5.02862482
3.466	3.06189585	5.04546906
3.4505	3.10703551	5.06244239
3.4352	3.13154683	5.10008849
3.42	3.17073976	5.1174398
3.405	3.21824151	5.16642137
3.39	3.26152115	5.18054713
3.3753	3.32368171	5.19467
3.3606	3.36224004	5.21271175
3.3461	3.40067745	5.24083066
3.3317	3.43013815	5.24656777
3.3174	3.48757111	5.26089081
3.3032	3.54650583	5.2659936
3.2892	3.59225135	5.28159617
3.2752	3.62616463	5.3105347
3.2614	3.65189225	5.32762959
3.2477	3.68600252	5.33907928
3.2342	3.71232063	5.36180129
3.2207	3.75229828	5.38335468
3.2073	3.78379353	5.38483344
3.1941	3.82999784	5.3811533
3.181	3.873889	5.36405005
3.1679	3.92099584	5.36594712
3.155	3.96483449	5.36059001
3.1422	4.0340086	5.35969558
3.1295	4.08249358	5.36999501
3.1169	4.11212115	5.38248513
3.1044	4.1556964	5.38398659
3.092	4.19576936	5.36946975
3.0796	4.23955451	5.37020885
3.0674	4.26520975	5.35603643
3.0553	4.29752901	5.33465497
3.0433	4.32277785	5.31002832
3.0314	4.37319336	5.31428463
3.0195	4.42601234	5.30366057
3.0078	4.4762787	5.28527131
2.9961	4.54027944	5.27452919
2.9846	4.59576986	5.2472302
2.9731	4.65116667	5.22950882
2.9617	4.67424965	5.20802722
2.9504	4.69338237	5.17696234
2.9392	4.72938344	5.14273346
2.9281	4.7588869	5.10908816
2.917	4.78568651	5.06070487
2.9061	4.8274268	5.02526116
2.8952	4.87101604	5.01412871
2.8844	4.90006141	5.00588641
2.8737	4.94071057	4.98666053
2.863	4.96056591	4.95824751
2.8525	4.99856273	4.90323967
2.842	5.03191894	4.86311238
2.8316	5.05716764	4.81876418
2.8213	5.0672123	4.78824464
2.811	5.07666533	4.75971574
2.8008	5.10094757	4.73279851
2.7907	5.11132232	4.69079057
2.7807	5.13200996	4.64682199
2.7707	5.15628397	4.60923062
2.7608	5.17357321	4.57627454
2.751	5.18285106	4.54015914
2.7413	5.1874172	4.50713479
2.7316	5.17682352	4.4857752
2.722	5.17917285	4.44874481
2.7124	5.19092123	4.40761974
2.7029	5.19217951	4.36342005
2.6935	5.20519082	4.32725157
2.6842	5.21631366	4.29324454
2.6749	5.20319613	4.25629331
2.6657	5.19963791	4.22757422
2.6565	5.2035319	4.20593803
2.6474	5.2051854	4.17890766
2.6384	5.20726125	4.1504272
2.6294	5.20280845	4.11978438
2.6205	5.20398656	4.09406334
2.6117	5.19795941	4.05609891
2.6029	5.19469395	4.0197974
2.5942	5.18623783	3.98695988
2.5855	5.16730084	3.96158465
2.5769	5.16007676	3.94291833
2.5683	5.13835762	3.91592787
2.5598	5.11827509	3.89470349
2.5514	5.09816449	3.86872218
2.543	5.07672646	3.84064742
2.5347	5.0617728	3.81770527
2.5264	5.05520323	3.78779043
2.5182	5.04163859	3.76465284
2.51	5.03421614	3.74494242
2.5019	5.00974253	3.73636889
2.4938	4.99631848	3.71542711
2.4858	4.9795935	3.70321609
2.4778	4.96473366	3.69499663
2.4699	4.9389831	3.68046885
2.4621	4.92217319	3.6650758
2.4543	4.90595697	3.64472879
2.4465	4.90611428	3.63182653
2.4388	4.89705455	3.61444494
2.4311	4.88117433	3.59481918
2.4235	4.86850757	3.57916476
2.416	4.84898451	3.57381322
2.4084	4.81590128	3.56796281
2.401	4.78223966	3.56389673
2.3935	4.75962903	3.55875947
2.3862	4.73772867	3.55653164
2.3788	4.72455974	3.54092383
2.3715	4.70754306	3.52746959
2.3643	4.70198345	3.51605691
2.3571	4.68765423	3.50538738
2.3499	4.68284107	3.50153796
2.3428	4.66734392	3.49913169
2.3358	4.65001954	3.50025899
2.3287	4.62149758	3.49846799
2.3218	4.59180561	3.49688484
2.3148	4.56434829	3.48988848
2.3079	4.54123402	3.48007375
2.3011	4.52461861	3.47664809
2.2942	4.51136607	3.47381907
2.2875	4.50148012	3.47687842
2.2807	4.49108831	3.47964258
2.274	4.48079791	3.48056017
2.2674	4.46660014	3.47552639
2.2608	4.45492422	3.47810288
2.2542	4.43587536	3.47231547
2.2476	4.42375522	3.48166659
2.2411	4.40498244	3.48343659
2.2347	4.38533626	3.48627511
2.2282	4.36565941	3.4930494
2.2218	4.35358531	3.49796677
2.2155	4.33706384	3.49793417
2.2092	4.32319116	3.4948049
2.2029	4.31171606	3.49755178
2.1966	4.29805185	3.49303306
2.1904	4.28715853	3.49843101
2.1843	4.27306673	3.49695226
2.1781	4.25784027	3.49691915
2.172	4.24665507	3.49907172
2.1659	4.23214261	3.50363172
2.1599	4.22035816	3.5091935
2.1539	4.21036411	3.52046541
2.1479	4.19813626	3.52602357
2.142	4.19016981	3.53293446
2.1361	4.17526475	3.53746177
2.1302	4.15776907	3.53931671
2.1244	4.14171428	3.54032051
2.1186	4.13298234	3.54391437
2.1128	4.12813443	3.54832055
2.1071	4.11799998	3.54902323
2.1014	4.11091363	3.54721864
2.0957	4.10018763	3.54750717
2.09	4.09019553	3.55244396
2.0844	4.07309048	3.55787554
2.0788	4.06306365	3.57372062
2.0733	4.0511636	3.58322147
2.0677	4.04412936	3.59598817
2.0622	4.04046897	3.60577449
2.0568	4.03234044	3.61016213
2.0513	4.01915857	3.6093512
2.0459	4.00279243	3.60545267
2.0406	3.99071222	3.60926836
2.0352	3.98205923	3.61683938
2.0299	3.97367561	3.6236917
2.0246	3.96647012	3.62994558
2.0193	3.96020743	3.63395761
2.0141	3.95374808	3.64283166
2.0089	3.94261404	3.64885114
2.0037	3.93134948	3.64856754
1.9985	3.91877019	3.6544864
1.9934	3.91004028	3.66016035
1.9883	3.907513	3.67083413
1.9832	3.89983938	3.68667737
1.9781	3.89557164	3.6997436
1.9731	3.88876373	3.70444251
1.9681	3.87574387	3.70263
1.9631	3.86552921	3.70374831
1.9582	3.85419712	3.70126282
1.9533	3.83994571	3.7065198
1.9484	3.83522309	3.71027718
1.9435	3.83067539	3.71765345
1.9386	3.82449407	3.72538069
1.9338	3.81327053	3.72487879
1.929	3.80611697	3.73046531
1.9242	3.79265411	3.74143591
1.9195	3.78554455	3.74825028
1.9148	3.77862932	3.75667902
1.9101	3.77367587	3.77379749
1.9054	3.76733918	3.7825213
1.9007	3.75983237	3.79088088
1.8961	3.75128474	3.7924899
1.8915	3.73291629	3.79244141
1.8869	3.72345363	3.80329904
1.8823	3.71101219	3.801794
1.8778	3.70680407	3.81078876
1.8732	3.70507982	3.81631609
1.8687	3.70169013	3.81968074
1.8643	3.69411418	3.81751841
1.8598	3.69051766	3.82018999
1.8554	3.68284253	3.82077293
1.851	3.68132549	3.83497566
1.8466	3.68137334	3.84491429
1.8422	3.67456788	3.85137957
1.8378	3.66380983	3.86392757
1.8335	3.64916855	3.86709023
1.8292	3.63329332	3.87243598
1.8249	3.61937303	3.87456417
1.8206	3.60295272	3.87242082
1.8164	3.60017076	3.88159363
1.8122	3.59495233	3.89049568
1.808	3.59348498	3.89601138
1.8038	3.58786417	3.90558627
1.7996	3.58384828	3.91794992
1.7955	3.57506596	3.922974
1.7913	3.56576753	3.93433851
1.7872	3.55973407	3.93941115
1.7831	3.55124709	3.94123256
1.7791	3.55088929	3.94646412
1.775	3.54700617	3.94670422
1.771	3.53588304	3.94224691
1.767	3.52711885	3.95235391
1.763	3.51433252	3.95889216
1.759	3.50424226	3.9679315
1.755	3.50829169	3.98684407
1.7511	3.5081375	3.99329539
1.7472	3.50806284	4.00725249
1.7432	3.50248176	4.01511819
1.7394	3.49670944	4.02133214
1.7355	3.48375191	4.02078064
1.7316	3.46854292	4.01803423
1.7278	3.46023744	4.02300996
1.724	3.44924754	4.02947983
1.7202	3.43839229	4.03512557
1.7164	3.4256027	4.03675278
1.7126	3.41828119	4.05099456
1.7089	3.41026719	4.05994083
1.7051	3.40405341	4.07144183
1.7014	3.39860453	4.08361099
1.6977	3.39495396	4.0903058
1.694	3.38873256	4.09587154
1.6904	3.38283954	4.09486911
1.6867	3.37957064	4.09834812
1.6831	3.37126481	4.10134974
1.6795	3.36100308	4.1047444
1.6759	3.35209213	4.11001967
1.6723	3.33822449	4.11981461
1.6687	3.33530663	4.13118236
1.6652	3.33903449	4.14474037
1.6616	3.33180983	4.15036464
1.6581	3.32431001	4.16210554
1.6546	3.31587193	4.16977416
1.6511	3.30137502	4.16644372
1.6476	3.29197038	4.17136818
1.6441	3.28001613	4.17243273
1.6407	3.2688264	4.18566252
1.6373	3.2632642	4.18609857
1.6338	3.25767889	4.19327267
1.6304	3.25817565	4.20309467
1.627	3.25685038	4.21546689
1.6237	3.24697614	4.22202461
1.6203	3.23812816	4.2264153
1.617	3.22949329	4.23432505
1.6136	3.22691977	4.23729373
1.6103	3.22708786	4.25744957
1.607	3.21417298	4.26096212
1.6037	3.21352181	4.27235921
1.6004	3.20364132	4.27398294
1.5972	3.19719223	4.2831867
1.5939	3.18771403	4.28692003
1.5907	3.18034219	4.28924979
1.5875	3.1699274	4.28956925
1.5842	3.16166539	4.292505
1.581	3.15638963	4.30556065
1.5779	3.14245432	4.31287533
1.5747	3.13710734	4.32663681
1.5715	3.12704103	4.32943103
1.5684	3.12310328	4.33706524
1.5653	3.12030319	4.3450682
1.5621	3.10975914	4.34793468
1.559	3.10585556	4.35741727
1.5559	3.1021876	4.36090906
1.5529	3.09842737	4.37141108
1.5498	3.08875576	4.37358016
1.5467	3.08249963	4.38198249
1.5437	3.0765517	4.38195936
1.5407	3.06548068	4.38253188
1.5377	3.04950596	4.37965734
1.5346	3.03107471	4.38664455
1.5317	3.03133977	4.40813894
1.5287	3.02074443	4.41816859
1.5257	3.01601327	4.43318515
1.5227	3.01135418	4.4333839
1.5198	3.00539185	4.44109362
1.5169	3.00045258	4.4439916
1.5139	2.99202314	4.44682266
1.511	2.98827382	4.45023111
1.5081	2.98536535	4.45824118
1.5052	2.98700528	4.47222002
1.5024	2.97251657	4.4744177
1.4995	2.95646109	4.47818737
1.4966	2.94563596	4.48772243
1.4938	2.93048224	4.4913318
1.491	2.91720935	4.50472932
1.4882	2.91611855	4.51789834
1.4853	2.91741665	4.52476437
1.4825	2.91613807	4.53425774
1.4798	2.91125398	4.53722042
1.477	2.89818928	4.53734744
1.4742	2.88946088	4.54801067
1.4715	2.88177632	4.5631747
1.4687	2.87776369	4.57177648
1.466	2.87248518	4.58224112
1.4633	2.87393362	4.59105762
1.4605	2.87642552	4.61171581
1.4578	2.86879074	4.61597373
1.4552	2.85390255	4.60992619
1.4525	2.84206819	4.60849313
1.4498	2.83138417	4.60996022
1.4471	2.8252581	4.61797369
1.4445	2.81392794	4.61985226
1.4418	2.81169275	4.63051645
1.4392	2.80207758	4.64040813
1.4366	2.78911027	4.64901805
1.434	2.77219997	4.64925018
1.4314	2.75756268	4.64596593
1.4288	2.74866143	4.64631765
1.4262	2.73651908	4.64641924
1.4236	2.73707686	4.65722434
1.4211	2.74457375	4.68052379
1.4185	2.73611869	4.69644829
1.416	2.72405107	4.70255549
1.4134	2.70964701	4.71430933
1.4109	2.69653685	4.7189325
1.4084	2.68985866	4.72688795
1.4059	2.67810186	4.73037554
1.4034	2.67253132	4.73807014
1.4009	2.66834325	4.75180157
1.3984	2.66139587	4.75828716
1.396	2.65196555	4.76647322
1.3935	2.64688472	4.77045996
1.3911	2.63745387	4.77446585
1.3886	2.6248808	4.78199765
1.3862	2.61296862	4.78552382
1.3838	2.59181507	4.78716535
1.3814	2.58992292	4.80452421
1.3789	2.58055816	4.80357493
1.3765	2.57550123	4.81300367
1.3742	2.57558622	4.82299507
1.3718	2.58089295	4.83913149
1.3694	2.57573756	4.84150565
1.367	2.57176508	4.85537833
1.3647	2.55644859	4.85306297
1.3623	2.53409607	4.86469996
1.36	2.53105904	4.86903404
1.3577	2.50937208	4.86487116
1.3554	2.49876104	4.86709825
1.353	2.49945111	4.87338468
1.3507	2.49643629	4.87996096
1.3484	2.48581548	4.88685669
1.3462	2.48011894	4.89949327
1.3439	2.47301972	4.91231311
1.3416	2.45406395	4.91263105
1.3393	2.44856771	4.9254442
1.3371	2.44257705	4.93026809
1.3348	2.43216568	4.93186619
1.3326	2.42925702	4.93351605
1.3304	2.41214151	4.9358211
1.3281	2.40246246	4.94627013
1.3259	2.39141345	4.94078592
1.3237	2.38368098	4.96091637
1.3215	2.3897838	4.97053313
1.3193	2.37262318	4.95768341
1.3171	2.35667729	4.95326731
1.315	2.32378407	4.94660077
1.3128	2.29261036	4.95028396
1.3106	2.28504569	4.97955184
1.3085	2.28879294	5.0067995
1.3063	2.28825175	5.03356195
1.3042	2.29788672	5.05859066
1.3021	2.30858318	5.07899916
1.2999	2.30544635	5.09521132
1.2978	2.29641977	5.09897859
1.2957	2.27827537	5.0838589
1.2936	2.26774932	5.08948431
1.2915	2.26455905	5.09303063
1.2894	2.25153237	5.10351361
1.2873	2.23624741	5.1150598
1.2853	2.23815794	5.12901148
1.2832	2.22318542	5.12436266
1.2811	2.20974497	5.13594519
1.2791	2.19616816	5.1367688
1.277	2.19008969	5.13560804
1.275	2.18664188	5.15228873
1.273	2.17959494	5.16655896
1.2709	2.15781765	5.17118714
1.2689	2.15463984	5.17868031
1.2669	2.14510127	5.19698788
1.2649	2.12763992	5.19601629
1.2629	2.1110508	5.2057371
1.2609	2.10574882	5.21955244
1.2589	2.10023654	5.2240848
1.2569	2.09000505	5.20786492
1.255	2.07043058	5.1878107
1.253	2.05044818	5.17977413
1.251	2.04397238	5.20082707
1.2491	2.03876886	5.2155815
1.2471	2.03060055	5.23484495
1.2452	2.02349983	5.2554836
1.2433	2.01741594	5.27548201
1.2413	2.01231646	5.29281396