[6,8]_10
eV
e1e2
6.4754	1.4132781	3.30756685
6.422	1.44013986	3.30276984
6.3694	1.47149606	3.33008402
6.3177	1.50646473	3.37771761
6.2668	1.54423793	3.43493011
6.2167	1.58407569	3.49195181
6.1674	1.63116603	3.52133611
6.1189	1.67017969	3.54019938
6.0711	1.70501465	3.58025598
6.0241	1.7291331	3.61401637
5.9778	1.75346043	3.63661945
5.9321	1.77095964	3.66201769
5.8872	1.79234644	3.70426641
5.843	1.81916303	3.7290101
5.7994	1.85572928	3.73317301
5.7564	1.89018869	3.74436061
5.7141	1.92747701	3.7542179
5.6724	1.96336221	3.7446069
5.6313	2.00000648	3.73900209
5.5908	2.03416785	3.73444315
5.5508	2.07791525	3.74036018
5.5115	2.11038378	3.74363649
5.4726	2.13921089	3.73524612
5.4343	2.16677117	3.72652017
5.3966	2.2000253	3.72543622
5.3594	2.23718732	3.71332038
5.3226	2.25985684	3.69437364
5.2864	2.27065397	3.67562087
5.2507	2.28825694	3.67300905
5.2154	2.29536351	3.66228852
5.1806	2.30483019	3.65476312
5.1462	2.31064155	3.6543914
5.1124	2.3206081	3.6613676
5.0789	2.33416195	3.6624066
5.0459	2.34423868	3.66130132
5.0133	2.35020037	3.65409524
4.9811	2.36396452	3.65136941
4.9494	2.36085664	3.64611207
4.918	2.36020736	3.64632797
4.887	2.35847039	3.65179863
4.8564	2.34813323	3.64727196
4.8262	2.34068125	3.64546697
4.7964	2.33476005	3.64811454
4.7669	2.33670018	3.66242492
4.7378	2.34465675	3.67712531
4.7091	2.35214777	3.69015043
4.6806	2.35050291	3.69923063
4.6526	2.35873119	3.72153471
4.6248	2.3623913	3.7474339
4.5974	2.36142837	3.77221346
4.5703	2.36185615	3.78283795
4.5435	2.35636289	3.79341185
4.5171	2.33150532	3.80492256
4.4909	2.34037212	3.8193261
4.465	2.34106101	3.83004131
4.4395	2.33797677	3.85160421
4.4142	2.34211765	3.87515494
4.3892	2.3501897	3.90776769
4.3645	2.35280942	3.92198465
4.3401	2.37255646	3.951111
4.3159	2.40592211	3.98451325
4.292	2.41713835	4.00805693
4.2684	2.43669508	4.03365487
4.245	2.44159912	4.06303882
4.2219	2.44477088	4.10695939
4.199	2.44403795	4.12389281
4.1763	2.45435381	4.14687022
4.154	2.45509425	4.17059853
4.1318	2.4785307	4.20781971
4.1099	2.48791456	4.22368774
4.0882	2.49592078	4.24637924
4.0667	2.51437092	4.26425095
4.0455	2.51742286	4.29314658
4.0245	2.51062865	4.31131235
4.0037	2.53120195	4.32622795
3.9831	2.54903478	4.343301
3.9627	2.56567931	4.35583647
3.9425	2.59537428	4.3840594
3.9226	2.60630044	4.40861372
3.9028	2.59615858	4.42891523
3.8832	2.61060681	4.45298513
3.8639	2.6141488	4.4700573
3.8447	2.64194778	4.50572466
3.8257	2.68939232	4.548141
3.8069	2.7296846	4.57481668
3.7883	2.76593958	4.60499281
3.7698	2.78812994	4.64079342
3.7515	2.78832874	4.66188898
3.7335	2.7838986	4.68715885
3.7155	2.78802775	4.70999243
3.6978	2.80179069	4.71300249
3.6802	2.82875306	4.71538647
3.6628	2.84616035	4.72752968
3.6455	2.86765291	4.77276684
3.6285	2.86599323	4.8048182
3.6115	2.87053835	4.82824079
3.5948	2.8706051	4.85696336
3.5781	2.89827175	4.88200382
3.5617	2.92760221	4.90163064
3.5454	2.9533966	4.91523404
3.5292	3.01209556	4.94175506
3.5132	3.03988444	4.96851561
3.4973	3.07914706	5.00923445
3.4816	3.10187231	5.05449788
3.466	3.14512474	5.08234544
3.4505	3.1739828	5.09359387
3.4352	3.20908491	5.10506361
3.42	3.22871483	5.13047165
3.405	3.26960162	5.17733979
3.39	3.31386492	5.204787
3.3753	3.36508269	5.22964086
3.3606	3.42326611	5.24458318
3.3461	3.47046373	5.25505368
3.3317	3.49664854	5.23953644
3.3174	3.53386867	5.24405364
3.3032	3.57788027	5.24484246
3.2892	3.61617107	5.26778644
3.2752	3.6470088	5.28770932
3.2614	3.69642573	5.31996413
3.2477	3.74067081	5.33675455
3.2342	3.78637424	5.34666274
3.2207	3.83631065	5.35413828
3.2073	3.87611865	5.35801128
3.1941	3.91999375	5.35021072
3.181	3.96380727	5.36604039
3.1679	4.00952349	5.36157524
3.155	4.05494258	5.36493568
3.1422	4.10296806	5.36493403
3.1295	4.13001995	5.33768635
3.1169	4.17822842	5.32898848
3.1044	4.22203342	5.31157089
3.092	4.28320936	5.30904671
3.0796	4.32915273	5.31421056
3.0674	4.35902066	5.32090166
3.0553	4.37597841	5.31791501
3.0433	4.40935389	5.3282105
3.0314	4.42665421	5.30733359
3.0195	4.45044599	5.2748794
3.0078	4.48727809	5.25335621
2.9961	4.50975448	5.23194998
2.9846	4.5353895	5.20666964
2.9731	4.57291192	5.17482083
2.9617	4.60608198	5.16341742
2.9504	4.64681962	5.15104981
2.9392	4.68484224	5.12551439
2.9281	4.72015588	5.09115279
2.917	4.74383946	5.06237488
2.9061	4.7742488	5.03551891
2.8952	4.7900068	5.01420909
2.8844	4.81801016	5.00195334
2.8737	4.85730394	4.98097392
2.863	4.88331044	4.95302544
2.8525	4.91055298	4.91334436
2.842	4.94174438	4.8685494
2.8316	4.96679714	4.83540367
2.8213	4.99619401	4.81511989
2.811	5.01336104	4.7855486
2.8008	5.01221964	4.7728263
2.7907	5.03226468	4.76923385
2.7807	5.04577107	4.7414211
2.7707	5.06561795	4.70466143
2.7608	5.07014692	4.66972124
2.751	5.08667937	4.62740373
2.7413	5.10665507	4.60125052
2.7316	5.12089544	4.56215932
2.722	5.11417236	4.51485594
2.7124	5.11660422	4.48772806
2.7029	5.1330382	4.44822752
2.6935	5.14304423	4.41590141
2.6842	5.16178641	4.3834299
2.6749	5.16815475	4.35614842
2.6657	5.16180291	4.33325439
2.6565	5.15285628	4.31082781
2.6474	5.14559973	4.28201689
2.6384	5.13029563	4.25431756
2.6294	5.12773229	4.22950065
2.6205	5.12765821	4.19266491
2.6117	5.12290332	4.15992516
2.6029	5.12915786	4.12458085
2.5942	5.12627928	4.09815501
2.5855	5.12258413	4.08326134
2.5769	5.11552582	4.06972522
2.5683	5.10905853	4.05706926
2.5598	5.09881346	4.03271333
2.5514	5.08192901	4.00317099
2.543	5.06656948	3.97468677
2.5347	5.05083879	3.9467205
2.5264	5.04350868	3.9143005
2.5182	5.02241335	3.89010434
2.51	5.01966076	3.87751149
2.5019	5.00843224	3.86235872
2.4938	4.99256112	3.84447994
2.4858	4.97519428	3.82268026
2.4778	4.96115202	3.80803889
2.4699	4.94717902	3.80916087
2.4621	4.92734152	3.79259792
2.4543	4.92164216	3.77230587
2.4465	4.89751177	3.74986006
2.4388	4.88678888	3.73331147
2.4311	4.86498173	3.71618531
2.4235	4.84351189	3.69702864
2.416	4.82266854	3.68947238
2.4084	4.80487315	3.67920839
2.401	4.78434727	3.68067973
2.3935	4.76268695	3.67059553
2.3862	4.74464748	3.66412036
2.3788	4.72766583	3.65214882
2.3715	4.71164375	3.64739666
2.3643	4.69851711	3.63691738
2.3571	4.68336666	3.62359396
2.3499	4.67381299	3.61647204
2.3428	4.65960181	3.60824324
2.3358	4.64131514	3.60696723
2.3287	4.62015031	3.60349654
2.3218	4.59335782	3.60330425
2.3148	4.5692902	3.59592159
2.3079	4.55393417	3.59662598
2.3011	4.53782938	3.59151106
2.2942	4.51888992	3.58343024
2.2875	4.50950104	3.582253
2.2807	4.5001397	3.5778617
2.274	4.49137133	3.57946108
2.2674	4.47933373	3.58068234
2.2608	4.45422953	3.57604524
2.2542	4.43391636	3.57159371
2.2476	4.41553202	3.57859036
2.2411	4.39523082	3.58202623
2.2347	4.3787919	3.58849285
2.2282	4.37199077	3.59860165
2.2218	4.35802543	3.60926546
2.2155	4.35216478	3.62116175
2.2092	4.33845063	3.61850624
2.2029	4.32338992	3.61285024
2.1966	4.31248547	3.61008514
2.1904	4.2994894	3.61271901
2.1843	4.28262175	3.60922198
2.1781	4.27135428	3.610661
2.172	4.26140779	3.61316757
2.1659	4.24480265	3.61477792
2.1599	4.22837805	3.61832748
2.1539	4.2078351	3.61871044
2.1479	4.18922409	3.62016037
2.142	4.17413536	3.62445078
2.1361	4.16632139	3.63239831
2.1302	4.16093772	3.6393186
2.1244	4.15089725	3.64317202
2.1186	4.14701796	3.64566141
2.1128	4.14035317	3.65113004
2.1071	4.13152557	3.65500334
2.1014	4.12296362	3.66354121
2.0957	4.11146637	3.66886618
2.09	4.09695151	3.66754309
2.0844	4.07646367	3.67143788
2.0788	4.05990083	3.67369774
2.0733	4.0442295	3.68036634
2.0677	4.03249443	3.6882928
2.0622	4.02364993	3.69951269
2.0568	4.01662142	3.70734815
2.0513	4.01461016	3.72189195
2.0459	4.00678457	3.7284998
2.0406	3.99919615	3.73219072
2.0352	3.98495086	3.73309314
2.0299	3.9753723	3.73263687
2.0246	3.96708609	3.73375518
2.0193	3.95414684	3.7335601
2.0141	3.94975576	3.73936764
2.0089	3.94176667	3.74417924
2.0037	3.93997789	3.75605852
1.9985	3.93047082	3.76076773
1.9934	3.91711837	3.76752612
1.9883	3.90654357	3.77368473
1.9832	3.89393836	3.7819156
1.9781	3.87624447	3.78462079
1.9731	3.85937574	3.79062207
1.9681	3.85466905	3.80281664
1.9631	3.84894045	3.80997176
1.9582	3.8431339	3.81906158
1.9533	3.83398774	3.82251788
1.9484	3.82325756	3.82268225
1.9435	3.81131554	3.82533134
1.9386	3.79707434	3.82948918
1.9338	3.7869377	3.83228714
1.929	3.78119494	3.84082568
1.9242	3.77425741	3.84600645
1.9195	3.76994089	3.8500677
1.9148	3.7600206	3.85846469
1.9101	3.74960515	3.86723962
1.9054	3.74147296	3.87875304
1.9007	3.73277958	3.89123953
1.8961	3.72040501	3.90002717
1.8915	3.70889392	3.90141014
1.8869	3.70154132	3.9036496
1.8823	3.69470621	3.90831523
1.8778	3.68759415	3.9159734
1.8732	3.68365056	3.92242492
1.8687	3.67845781	3.93073496
1.8643	3.67608603	3.93816148
1.8598	3.67067721	3.94459842
1.8554	3.65826416	3.9502817
1.851	3.64539811	3.9543767
1.8466	3.63365686	3.95917271
1.8422	3.62480237	3.96938096
1.8378	3.61433456	3.9739117
1.8335	3.60227232	3.97735189
1.8292	3.59196243	3.9814121
1.8249	3.58634179	3.98828491
1.8206	3.58266102	3.99618572
1.8164	3.5751462	4.00370438
1.8122	3.56340222	4.00768272
1.808	3.55661998	4.01668675
1.8038	3.54851558	4.02502027
1.7996	3.53784504	4.02822459
1.7955	3.52724551	4.03389484
1.7913	3.5240035	4.04549895
1.7872	3.5186909	4.05177347
1.7831	3.51441764	4.06367837
1.7791	3.50321737	4.07191113
1.775	3.49227914	4.07366292
1.771	3.4871754	4.07752771
1.767	3.47516227	4.08044447
1.763	3.46882541	4.08830129
1.759	3.46255082	4.09706069
1.755	3.45692279	4.10770909
1.7511	3.44838271	4.11310478
1.7472	3.44448316	4.1237257
1.7432	3.43642208	4.13110231
1.7394	3.42527429	4.13436304
1.7355	3.41470316	4.13441575
1.7316	3.41033126	4.142764
1.7278	3.40272258	4.14905629
1.724	3.39391576	4.15457812
1.7202	3.38547215	4.15904635
1.7164	3.38184745	4.16925161
1.7126	3.37217748	4.17723868
1.7089	3.36048637	4.183298
1.7051	3.34787276	4.18811471
1.7014	3.33987772	4.19657125
1.6977	3.32782415	4.20440031
1.694	3.31694332	4.21041996
1.6904	3.3064132	4.21257942
1.6867	3.29675742	4.21745351
1.6831	3.29795111	4.23061603
1.6795	3.29332469	4.24401266
1.6759	3.29245867	4.25599791
1.6723	3.29025402	4.26738573
1.6687	3.28141337	4.27385665
1.6652	3.26775018	4.27654486
1.6616	3.25904026	4.28151838
1.6581	3.2475509	4.2858261
1.6546	3.24546713	4.29880804
1.6511	3.24023474	4.31375987
1.6476	3.22925158	4.31609556
1.6441	3.21815528	4.31848787
1.6407	3.20984977	4.32717302
1.6373	3.20259283	4.33356278
1.6338	3.19602903	4.34339951
1.6304	3.18530264	4.35285126
1.627	3.17657404	4.35246173
1.6237	3.17014878	4.35719015
1.6203	3.16434174	4.36642464
1.617	3.1528491	4.36817618
1.6136	3.14666507	4.38041765
1.6103	3.14215161	4.39346483
1.607	3.13302699	4.39856454
1.6037	3.1252742	4.40722255
1.6004	3.1126408	4.41151746
1.5972	3.10549423	4.41924508
1.5939	3.09782894	4.43536428
1.5907	3.08899201	4.44006238
1.5875	3.08004374	4.44258629
1.5842	3.06763168	4.43968139
1.581	3.06184525	4.4400916
1.5779	3.05409215	4.44726362
1.5747	3.04403683	4.45424073
1.5715	3.03208327	4.46152737
1.5684	3.02019632	4.46554576
1.5653	3.01020868	4.46669125
1.5621	2.99892804	4.47000332
1.559	2.99328391	4.48763493
1.5559	2.98954354	4.49980432
1.5529	2.99107966	4.51811069
1.5498	2.98862198	4.53630802
1.5467	2.97922776	4.54479753
1.5437	2.96790755	4.54630057
1.5407	2.95750846	4.54642788
1.5377	2.95290256	4.55502344
1.5346	2.94622032	4.56691444
1.5317	2.93721264	4.57487509
1.5287	2.93039159	4.58020122
1.5257	2.92119755	4.58711139
1.5227	2.90845661	4.58776318
1.5198	2.89598898	4.58718035
1.5169	2.88947879	4.59200066
1.5139	2.88421892	4.59899178
1.511	2.87950727	4.60710237
1.5081	2.87378414	4.61995602
1.5052	2.8643356	4.63096596
1.5024	2.85891583	4.63890198
1.4995	2.8516116	4.6531793
1.4966	2.83941244	4.66823334
1.4938	2.83766002	4.68634737
1.491	2.82502446	4.69379247
1.4882	2.81251869	4.70130363
1.4853	2.80220246	4.70709541
1.4825	2.79100552	4.70834531
1.4798	2.77683641	4.71254404
1.477	2.76808989	4.71137375
1.4742	2.75309768	4.7124627
1.4715	2.74786972	4.72478594
1.4687	2.74478506	4.73112093
1.466	2.74717409	4.75271427
1.4633	2.74573336	4.77078732
1.4605	2.73633338	4.77220784
1.4578	2.72698776	4.77800295
1.4552	2.71751293	4.77903028
1.4525	2.71430967	4.79505973
1.4498	2.70451652	4.79748323
1.4471	2.69914542	4.81395732
1.4445	2.69123902	4.82320387
1.4418	2.68219234	4.83034639
1.4392	2.6728967	4.83111842
1.4366	2.66393168	4.8343517
1.434	2.65106584	4.83488524
1.4314	2.6332994	4.83224629
1.4288	2.62834368	4.8546039
1.4262	2.62102705	4.85720014
1.4236	2.61464286	4.8703886
1.4211	2.61048765	4.8953423
1.4185	2.60091102	4.91804452
1.416	2.59230544	4.92520724
1.4134	2.59003996	4.94050304
1.4109	2.58625085	4.95201232
1.4084	2.57380991	4.95439912
1.4059	2.56563277	4.95523859
1.4034	2.54732091	4.961036
1.4009	2.53576956	4.9544136
1.3984	2.52246423	4.95287735
1.396	2.51245707	4.95586559
1.3935	2.50868225	4.95527734
1.3911	2.49724771	4.96524582
1.3886	2.48397255	4.98137308
1.3862	2.47760634	4.99335954
1.3838	2.47111214	4.99664908
1.3814	2.4635895	5.01368391
1.3789	2.45073212	5.02318435
1.3765	2.44612694	5.03286875
1.3742	2.43509525	5.03740971
1.3718	2.42558799	5.04138753
1.3694	2.41316642	5.0440076
1.367	2.41186069	5.06370988
1.3647	2.40855301	5.07104907
1.3623	2.39729236	5.07139353
1.36	2.38374404	5.08155859
1.3577	2.37870768	5.09168613
1.3554	2.37172171	5.10705031
1.353	2.3612304	5.11758333
1.3507	2.34779825	5.1229257
1.3484	2.34474715	5.14264972
1.3462	2.32900816	5.13900823
1.3439	2.3262096	5.14550612
1.3416	2.31511648	5.13574161
1.3393	2.30152595	5.14046429
1.3371	2.29705287	5.1526481
1.3348	2.29687651	5.17362917
1.3326	2.28477561	5.18188835
1.3304	2.27622294	5.19315311
1.3281	2.27746758	5.22885904
1.3259	2.2777337	5.23779449
1.3237	2.28398165	5.24609433
1.3215	2.27249302	5.23989015
1.3193	2.24731677	5.23479098
1.3171	2.2312363	5.2277507
1.315	2.20143958	5.22725898
1.3128	2.17523178	5.22824188
1.3106	2.1647382	5.24533619
1.3085	2.17629598	5.28351569
1.3063	2.17474001	5.30166871
1.3042	2.16354395	5.31037624
1.3021	2.1516628	5.29870309
1.2999	2.13707239	5.29804675
1.2978	2.12225891	5.29559485
1.2957	2.10934488	5.30832458
1.2936	2.09406264	5.316291
1.2915	2.08337607	5.33774686
1.2894	2.06570093	5.34841045
1.2873	2.05142744	5.35605758
1.2853	2.04497139	5.35519948
1.2832	2.03792955	5.34901461
1.2811	2.03995024	5.36167851
1.2791	2.04196458	5.36914504
1.277	2.0376786	5.39586619
1.275	2.0243691	5.40350817
1.273	2.01470282	5.41977296
1.2709	2.00349768	5.44093142
1.2689	1.99306571	5.44660718
1.2669	1.98546412	5.46103294
1.2649	1.97129893	5.45239633
1.2629	1.96376137	5.44831887
1.2609	1.95984766	5.47870269
1.2589	1.95215264	5.48379005
1.2569	1.95205143	5.48518444
1.255	1.9472753	5.48525056
1.253	1.93225084	5.48553352
1.251	1.91375273	5.48044685
1.2491	1.90633514	5.49365062
1.2471	1.89353843	5.50037815
1.2452	1.8881384	5.5228779
1.2433	1.8939803	5.5680275
1.2413	1.91484175	5.64250254